AHCKA
0.83835	0.45826	0.42863	0.34222	0.34223	0.27278	0.64291	0.57164

AHCKA
0.83835	0.45826	0.42863	0.34222	0.34223	0.27278	0.64291	0.57164

AHCKA
0.83786	0.45616	0.42719	0.34047	0.34049	0.27161	0.64223	0.57016

AHCKA
0.83786	0.45616	0.42719	0.34047	0.34049	0.27161	0.64223	0.57016

AHCKA
0.83786	0.45616	0.42719	0.34047	0.34049	0.27161	0.64223	0.57016

AHCKA
0.83786	0.45616	0.42719	0.34047	0.34049	0.27161	0.64223	0.57016

AHCKA
0.83786	0.45616	0.42719	0.34047	0.34049	0.27161	0.64223	0.57016

AHCKA
0.83786	0.45616	0.42719	0.34047	0.34049	0.27161	0.64223	0.57016

AHCKA
0.83786	0.45616	0.42719	0.34047	0.34049	0.27161	0.64223	0.57016

AHCKA
0.83714	0.43807	0.40684	0.32252	0.32254	0.25537	0.63175	0.54801

AHCKA
0.83786	0.45616	0.42719	0.34047	0.34049	0.27161	0.64223	0.57016

AHCKA
0.83786	0.45616	0.42719	0.34047	0.34049	0.27161	0.64223	0.57016

AHCKA
0.83832	0.45773	0.42851	0.34207	0.34209	0.27267	0.64285	0.57164

AHCKA
0.83386	0.44653	0.45443	0.36004	0.36005	0.29402	0.65883	0.59897

AHCKA
0.83386	0.44653	0.45443	0.36004	0.36005	0.29402	0.65883	0.59897

AHCKA
0.83876	0.45846	0.42197	0.33701	0.33703	0.26740	0.63928	0.54838

AHCKA
0.83876	0.45846	0.42197	0.33701	0.33703	0.26740	0.63928	0.54838

AHCKA
0.83876	0.45846	0.42197	0.33701	0.33703	0.26740	0.63928	0.54838

AHCKA
0.83876	0.45846	0.42197	0.33701	0.33703	0.26740	0.63928	0.54838

AHCKA
0.83876	0.45846	0.42197	0.33701	0.33703	0.26740	0.63928	0.54838

AHCKA
0.83876	0.45846	0.42197	0.33701	0.33703	0.26740	0.63928	0.54838

AHCKA
0.82865	0.44836	0.42475	0.32894	0.32895	0.26964	0.64273	0.56462

AHCKA
0.82865	0.44836	0.42475	0.32894	0.32895	0.26964	0.64273	0.56462

AHCKA
0.82865	0.44836	0.42475	0.32894	0.32895	0.26964	0.64273	0.56462

AHCKA
0.82865	0.44836	0.42475	0.32894	0.32895	0.26964	0.64273	0.56462

AHCKA
0.82865	0.44836	0.42475	0.32894	0.32895	0.26964	0.64273	0.56462

AHCKA
0.82865	0.44836	0.42475	0.32894	0.32895	0.26964	0.64273	0.56462

AHCKA
0.81825	0.43685	0.45739	0.34888	0.34888	0.29650	0.66548	0.61078

AHCKA
0.81825	0.43685	0.45739	0.34888	0.34888	0.29650	0.66548	0.61078

AHCKA
0.81825	0.43685	0.45739	0.34888	0.34888	0.29650	0.66548	0.61078

AHCKA
0.81825	0.43685	0.45739	0.34888	0.34888	0.29650	0.66548	0.61078

AHCKA
0.81825	0.43685	0.45739	0.34888	0.34888	0.29650	0.66548	0.61078

AHCKA
0.81825	0.43685	0.45739	0.34888	0.34888	0.29650	0.66548	0.61078

AHCKA
0.82172	0.43290	0.44364	0.33926	0.33927	0.28505	0.65555	0.60007

AHCKA
0.82172	0.43290	0.44364	0.33926	0.33927	0.28505	0.65555	0.60007

AHCKA
0.82172	0.43290	0.44364	0.33926	0.33927	0.28505	0.65555	0.60007

AHCKA
0.82172	0.43290	0.44364	0.33926	0.33927	0.28505	0.65555	0.60007

AHCKA
0.82172	0.43290	0.44364	0.33926	0.33927	0.28505	0.65555	0.60007

AHCKA
0.82172	0.43290	0.44364	0.33926	0.33927	0.28505	0.65555	0.60007

AHCKA
0.81825	0.43685	0.45739	0.34888	0.34888	0.29650	0.66548	0.61078

AHCKA
0.81825	0.43685	0.45739	0.34888	0.34888	0.29650	0.66548	0.61078

AHCKA
0.81825	0.43685	0.45739	0.34888	0.34888	0.29650	0.66548	0.61078

AHCKA
0.81825	0.43685	0.45739	0.34888	0.34888	0.29650	0.66548	0.61078

AHCKA
0.81825	0.43685	0.45739	0.34888	0.34888	0.29650	0.66548	0.61078

AHCKA
0.81825	0.43685	0.45739	0.34888	0.34888	0.29650	0.66548	0.61078

AHCKA
0.81825	0.43685	0.45739	0.34888	0.34888	0.29650	0.66548	0.61078

AHCKA
0.81825	0.43685	0.45739	0.34888	0.34888	0.29650	0.66548	0.61078

AHCKA
0.81825	0.43685	0.45739	0.34888	0.34888	0.29650	0.66548	0.61078

AHCKA
0.81825	0.43685	0.45739	0.34888	0.34888	0.29650	0.66548	0.61078

AHCKA
0.81825	0.43685	0.45739	0.34888	0.34888	0.29650	0.66548	0.61078

AHCKA
0.81825	0.43685	0.45739	0.34888	0.34888	0.29650	0.66548	0.61078

AHCKA
0.82172	0.43290	0.44364	0.33926	0.33927	0.28505	0.65555	0.60007

AHCKA
0.82172	0.43290	0.44364	0.33926	0.33927	0.28505	0.65555	0.60007

AHCKA
0.82172	0.43290	0.44364	0.33926	0.33927	0.28505	0.65555	0.60007

AHCKA
0.82172	0.43290	0.44364	0.33926	0.33927	0.28505	0.65555	0.60007

AHCKA
0.82172	0.43290	0.44364	0.33926	0.33927	0.28505	0.65555	0.60007

AHCKA
0.82172	0.43290	0.44364	0.33926	0.33927	0.28505	0.65555	0.60007

AHCKA
0.82865	0.44836	0.42475	0.32894	0.32895	0.26964	0.64273	0.56462

AHCKA
0.82865	0.44836	0.42475	0.32894	0.32895	0.26964	0.64273	0.56462

AHCKA
0.82865	0.44836	0.42475	0.32894	0.32895	0.26964	0.64273	0.56462

AHCKA
0.82865	0.44836	0.42475	0.32894	0.32895	0.26964	0.64273	0.56462

AHCKA
0.82865	0.44836	0.42475	0.32894	0.32895	0.26964	0.64273	0.56462

AHCKA
0.82865	0.44836	0.42475	0.32894	0.32895	0.26964	0.64273	0.56462

AHCKA
0.82172	0.43290	0.44364	0.33926	0.33927	0.28505	0.65555	0.60007

AHCKA
0.82172	0.43290	0.44364	0.33926	0.33927	0.28505	0.65555	0.60007

AHCKA
0.82172	0.43290	0.44364	0.33926	0.33927	0.28505	0.65555	0.60007

AHCKA
0.82172	0.43290	0.44364	0.33926	0.33927	0.28505	0.65555	0.60007

AHCKA
0.82172	0.43290	0.44364	0.33926	0.33927	0.28505	0.65555	0.60007

AHCKA
0.82172	0.43290	0.44364	0.33926	0.33927	0.28505	0.65555	0.60007

AHCKA
0.83772	0.44089	0.40914	0.32509	0.32510	0.25718	0.63283	0.54911

AHCKA
0.81825	0.43685	0.45739	0.34888	0.34888	0.29650	0.66548	0.61078

AHCKA
0.81825	0.43685	0.45739	0.34888	0.34888	0.29650	0.66548	0.61078

AHCKA
0.81825	0.43685	0.45739	0.34888	0.34888	0.29650	0.66548	0.61078

AHCKA
0.81825	0.43685	0.45739	0.34888	0.34888	0.29650	0.66548	0.61078

AHCKA
0.81825	0.43685	0.45739	0.34888	0.34888	0.29650	0.66548	0.61078

AHCKA
0.81825	0.43685	0.45739	0.34888	0.34888	0.29650	0.66548	0.61078

AHCKA
0.81825	0.43685	0.45739	0.34888	0.34888	0.29650	0.66548	0.61078

AHCKA
0.81825	0.43685	0.45739	0.34888	0.34888	0.29650	0.66548	0.61078

AHCKA
0.81825	0.43685	0.45739	0.34888	0.34888	0.29650	0.66548	0.61078

AHCKA
0.81825	0.43685	0.45739	0.34888	0.34888	0.29650	0.66548	0.61078

AHCKA
0.81825	0.43685	0.45739	0.34888	0.34888	0.29650	0.66548	0.61078

AHCKA
0.81825	0.43685	0.45739	0.34888	0.34888	0.29650	0.66548	0.61078

AHCKA
0.81825	0.43685	0.45739	0.34888	0.34888	0.29650	0.66548	0.61078

AHCKA
0.81825	0.43685	0.45739	0.34888	0.34888	0.29650	0.66548	0.61078

AHCKA
0.81825	0.43685	0.45739	0.34888	0.34888	0.29650	0.66548	0.61078

AHCKA
0.81825	0.43685	0.45739	0.34888	0.34888	0.29650	0.66548	0.61078

AHCKA
0.81825	0.43685	0.45739	0.34888	0.34888	0.29650	0.66548	0.61078

AHCKA
0.81825	0.43685	0.45739	0.34888	0.34888	0.29650	0.66548	0.61078

AHCKA
0.81825	0.43685	0.45739	0.34888	0.34888	0.29650	0.66548	0.61078

AHCKA
0.81825	0.43685	0.45739	0.34888	0.34888	0.29650	0.66548	0.61078

AHCKA
0.81825	0.43685	0.45739	0.34888	0.34888	0.29650	0.66548	0.61078

AHCKA
0.81825	0.43685	0.45739	0.34888	0.34888	0.29650	0.66548	0.61078

AHCKA
0.81825	0.43685	0.45739	0.34888	0.34888	0.29650	0.66548	0.61078

AHCKA
0.81825	0.43685	0.45739	0.34888	0.34888	0.29650	0.66548	0.61078

AHCKA
0.81825	0.43685	0.45739	0.34888	0.34888	0.29650	0.66548	0.61078

AHCKA
0.81825	0.43685	0.45739	0.34888	0.34888	0.29650	0.66548	0.61078

AHCKA
0.81825	0.43685	0.45739	0.34888	0.34888	0.29650	0.66548	0.61078

AHCKA
0.81825	0.43685	0.45739	0.34888	0.34888	0.29650	0.66548	0.61078

