GNMF
0.63982	0.05298	0.22691	0.00813	0.00813	0.12798	0.50501	0.28767

GNMF
0.68811	0.10680	0.26131	0.06930	0.06930	0.15029	0.53946	0.36263

GNMF
0.75918	0.20065	0.27908	0.13546	0.13546	0.16217	0.56411	0.41654

GNMF
0.63982	0.05298	0.22691	0.00813	0.00813	0.12798	0.50501	0.28767

GNMF
0.68811	0.10680	0.26131	0.06930	0.06930	0.15029	0.53946	0.36263

GNMF
0.75918	0.20065	0.27908	0.13546	0.13546	0.16217	0.56411	0.41654

GNMF
0.63982	0.05298	0.22691	0.00813	0.00813	0.12798	0.50501	0.28767

GNMF
0.68811	0.10680	0.26131	0.06930	0.06930	0.15029	0.53946	0.36263

GNMF
0.75918	0.20065	0.27908	0.13546	0.13546	0.16217	0.56411	0.41654

GNMF
0.63982	0.05298	0.22691	0.00813	0.00813	0.12798	0.50501	0.28767

GNMF
0.68811	0.10680	0.26131	0.06930	0.06930	0.15029	0.53946	0.36263

GNMF
0.75918	0.20065	0.27908	0.13546	0.13546	0.16217	0.56411	0.41654

GNMF
0.75918	0.20065	0.27908	0.13546	0.13546	0.16217	0.56411	0.41654

GNMF
0.75918	0.20065	0.27908	0.13546	0.13546	0.16217	0.56411	0.41654

GNMF
0.75918	0.20065	0.27908	0.13546	0.13546	0.16217	0.56411	0.41654

GNMF
0.68811	0.10680	0.26131	0.06930	0.06930	0.15029	0.53946	0.36263

GNMF
0.68811	0.10680	0.26131	0.06930	0.06930	0.15029	0.53946	0.36263

GNMF
0.68811	0.10680	0.26131	0.06930	0.06930	0.15029	0.53946	0.36263

GNMF
0.63982	0.05298	0.22691	0.00813	0.00813	0.12798	0.50501	0.28767

GNMF
0.63982	0.05298	0.22691	0.00813	0.00813	0.12798	0.50501	0.28767

GNMF
0.63982	0.05298	0.22691	0.00813	0.00813	0.12798	0.50501	0.28767

GNMF
0.63982	0.05298	0.22691	0.00813	0.00813	0.12798	0.50501	0.28767

GNMF
0.68811	0.10680	0.26131	0.06930	0.06930	0.15029	0.53946	0.36263

GNMF
0.75918	0.20065	0.27908	0.13546	0.13546	0.16217	0.56411	0.41654

GNMF
0.63982	0.05298	0.22691	0.00813	0.00813	0.12798	0.50501	0.28767

GNMF
0.68811	0.10680	0.26131	0.06930	0.06930	0.15029	0.53946	0.36263

GNMF
0.75918	0.20065	0.27908	0.13546	0.13546	0.16217	0.56411	0.41654

GNMF
0.63982	0.05298	0.22691	0.00813	0.00813	0.12798	0.50501	0.28767

GNMF
0.68811	0.10680	0.26131	0.06930	0.06930	0.15029	0.53946	0.36263

GNMF
0.75918	0.20065	0.27908	0.13546	0.13546	0.16217	0.56411	0.41654

GNMF
0.63982	0.05298	0.22691	0.00813	0.00813	0.12798	0.50501	0.28767

GNMF
0.68811	0.10680	0.26131	0.06930	0.06930	0.15029	0.53946	0.36263

GNMF
0.75918	0.20065	0.27908	0.13546	0.13546	0.16217	0.56411	0.41654

GNMF
0.63982	0.05298	0.22691	0.00813	0.00813	0.12798	0.50501	0.28767

GNMF
0.68811	0.10680	0.26131	0.06930	0.06930	0.15029	0.53946	0.36263

GNMF
0.75918	0.20065	0.27908	0.13546	0.13546	0.16217	0.56411	0.41654

