GRACE
0.81845	0.36037	0.34058	0.24629	0.24630	0.20524	0.60081	0.48043

GRACE
0.80328	0.36299	0.38487	0.26982	0.26983	0.23829	0.62353	0.55798

GRACE
0.80328	0.36299	0.38487	0.26982	0.26983	0.23829	0.62353	0.55798

GRACE
0.80328	0.36299	0.38487	0.26982	0.26983	0.23829	0.62353	0.55798

GRACE
0.80328	0.36299	0.38487	0.26982	0.26983	0.23829	0.62353	0.55798

GRACE
0.80328	0.36299	0.38487	0.26982	0.26983	0.23829	0.62353	0.55798

GRACE
0.80328	0.36299	0.38487	0.26982	0.26983	0.23829	0.62353	0.55798

GRACE
0.80328	0.36299	0.38487	0.26982	0.26983	0.23829	0.62353	0.55798

GRACE
0.80328	0.36299	0.38487	0.26982	0.26983	0.23829	0.62353	0.55798

GRACE
0.80328	0.36299	0.38487	0.26982	0.26983	0.23829	0.62353	0.55798

GRACE
0.80328	0.36299	0.38487	0.26982	0.26983	0.23829	0.62353	0.55798

GRACE
0.80328	0.36299	0.38487	0.26982	0.26983	0.23829	0.62353	0.55798

GRACE
0.80328	0.36299	0.38487	0.26982	0.26983	0.23829	0.62353	0.55798

GRACE
0.80328	0.36299	0.38487	0.26982	0.26983	0.23829	0.62353	0.55798

GRACE
0.80328	0.36299	0.38487	0.26982	0.26983	0.23829	0.62353	0.55798

