JNMF
0.77624	0.26591	0.33259	0.19895	0.19895	0.19947	0.59443	0.49778

JNMF
0.77624	0.26591	0.33259	0.19895	0.19895	0.19947	0.59443	0.49778

JNMF
0.77624	0.26591	0.33259	0.19895	0.19895	0.19947	0.59443	0.49778

JNMF
0.77624	0.26591	0.33259	0.19895	0.19895	0.19947	0.59443	0.49778

JNMF
0.77624	0.26591	0.33259	0.19895	0.19895	0.19947	0.59443	0.49778

JNMF
0.77624	0.26591	0.33259	0.19895	0.19895	0.19947	0.59443	0.49778

JNMF
0.77624	0.26591	0.33259	0.19895	0.19895	0.19947	0.59443	0.49778

JNMF
0.77624	0.26591	0.33259	0.19895	0.19895	0.19947	0.59443	0.49778

JNMF
0.77624	0.26591	0.33259	0.19895	0.19895	0.19947	0.59443	0.49778

JNMF
0.77624	0.26591	0.33259	0.19895	0.19895	0.19947	0.59443	0.49778

JNMF
0.77624	0.26591	0.33259	0.19895	0.19895	0.19947	0.59443	0.49778

JNMF
0.77624	0.26591	0.33259	0.19895	0.19895	0.19947	0.59443	0.49778

JNMF
0.77624	0.26591	0.33259	0.19895	0.19895	0.19947	0.59443	0.49778

JNMF
0.77624	0.26591	0.33259	0.19895	0.19895	0.19947	0.59443	0.49778

JNMF
0.77624	0.26591	0.33259	0.19895	0.19895	0.19947	0.59443	0.49778

JNMF
0.77624	0.26591	0.33259	0.19895	0.19895	0.19947	0.59443	0.49778

