lv_A1
0.82717	0.44404	0.48913	0.38556	0.38557	0.32374	0.68428	0.65030

lv_A1
0.83742	0.44792	0.48691	0.39229	0.39230	0.32180	0.67834	0.63405

lv_A1
0.83742	0.44792	0.48691	0.39229	0.39230	0.32180	0.67834	0.63405

lv_A1
0.83742	0.44792	0.48691	0.39229	0.39230	0.32180	0.67834	0.63405

lv_A1
0.84382	0.45636	0.50236	0.41194	0.41195	0.33544	0.68592	0.64439

lv_A1
0.84154	0.44307	0.49600	0.40416	0.40418	0.32978	0.68265	0.64180

lv_A1
0.83866	0.45058	0.46881	0.37731	0.37733	0.30617	0.66613	0.59380

lv_A1
0.83866	0.45058	0.46881	0.37731	0.37733	0.30617	0.66613	0.59380

lv_A1
0.83866	0.45058	0.46881	0.37731	0.37733	0.30617	0.66613	0.59380

lv_A1
0.83866	0.45058	0.46881	0.37731	0.37733	0.30617	0.66613	0.59380

lv_A1
0.83866	0.45058	0.46881	0.37731	0.37733	0.30617	0.66613	0.59380

lv_A1
0.83866	0.45058	0.46881	0.37731	0.37733	0.30617	0.66613	0.59380

lv_A1
0.83866	0.45058	0.46881	0.37731	0.37733	0.30617	0.66613	0.59380

lv_A1
0.83866	0.45058	0.46881	0.37731	0.37733	0.30617	0.66613	0.59380

lv_A1
0.83108	0.40470	0.41680	0.32450	0.32451	0.26327	0.63789	0.54357

lv_A1
0.83866	0.45058	0.46881	0.37731	0.37733	0.30617	0.66613	0.59380

lv_A1
0.83866	0.45058	0.46881	0.37731	0.37733	0.30617	0.66613	0.59380

lv_A1
0.83866	0.45058	0.46881	0.37731	0.37733	0.30617	0.66613	0.59380

lv_A1
0.82717	0.44404	0.48913	0.38556	0.38557	0.32374	0.68428	0.65030

lv_A1
0.82717	0.44404	0.48913	0.38556	0.38557	0.32374	0.68428	0.65030

lv_A1
0.82717	0.44404	0.48913	0.38556	0.38557	0.32374	0.68428	0.65030

lv_A1
0.82717	0.44404	0.48913	0.38556	0.38557	0.32374	0.68428	0.65030

lv_A1
0.82717	0.44404	0.48913	0.38556	0.38557	0.32374	0.68428	0.65030

lv_A1
0.82717	0.44404	0.48913	0.38556	0.38557	0.32374	0.68428	0.65030

lv_A1
0.82717	0.44404	0.48913	0.38556	0.38557	0.32374	0.68428	0.65030

lv_A1
0.82717	0.44404	0.48913	0.38556	0.38557	0.32374	0.68428	0.65030

lv_A1
0.82717	0.44404	0.48913	0.38556	0.38557	0.32374	0.68428	0.65030

lv_A1
0.83866	0.45058	0.46881	0.37731	0.37733	0.30617	0.66613	0.59380

lv_A1
0.83866	0.45058	0.46881	0.37731	0.37733	0.30617	0.66613	0.59380

lv_A1
0.83866	0.45058	0.46881	0.37731	0.37733	0.30617	0.66613	0.59380

lv_A1
0.83866	0.45058	0.46881	0.37731	0.37733	0.30617	0.66613	0.59380

lv_A1
0.83866	0.45058	0.46881	0.37731	0.37733	0.30617	0.66613	0.59380

lv_A1
0.83866	0.45058	0.46881	0.37731	0.37733	0.30617	0.66613	0.59380

lv_A1
0.83742	0.44792	0.48691	0.39229	0.39230	0.32180	0.67834	0.63405

lv_A1
0.83742	0.44792	0.48691	0.39229	0.39230	0.32180	0.67834	0.63405

lv_A1
0.83742	0.44792	0.48691	0.39229	0.39230	0.32180	0.67834	0.63405

lv_A1
0.83742	0.44792	0.48691	0.39229	0.39230	0.32180	0.67834	0.63405

lv_A1
0.83742	0.44792	0.48691	0.39229	0.39230	0.32180	0.67834	0.63405

lv_A1
0.83742	0.44792	0.48691	0.39229	0.39230	0.32180	0.67834	0.63405

lv_A1
0.84417	0.45682	0.50393	0.41367	0.41368	0.33684	0.68682	0.64549

lv_A1
0.84417	0.45682	0.50393	0.41367	0.41368	0.33684	0.68682	0.64549

lv_A1
0.84417	0.45682	0.50393	0.41367	0.41368	0.33684	0.68682	0.64549

lv_A1
0.84417	0.45682	0.50393	0.41367	0.41368	0.33684	0.68682	0.64549

lv_A1
0.84417	0.45682	0.50393	0.41367	0.41368	0.33684	0.68682	0.64549

lv_A1
0.84417	0.45682	0.50393	0.41367	0.41368	0.33684	0.68682	0.64549

lv_A1
0.83125	0.44809	0.49625	0.39549	0.39549	0.33000	0.68760	0.65620

lv_A1
0.83125	0.44809	0.49625	0.39549	0.39549	0.33000	0.68760	0.65620

lv_A1
0.83125	0.44809	0.49625	0.39549	0.39549	0.33000	0.68760	0.65620

lv_A1
0.83125	0.44809	0.49625	0.39549	0.39549	0.33000	0.68760	0.65620

lv_A1
0.83125	0.44809	0.49625	0.39549	0.39549	0.33000	0.68760	0.65620

lv_A1
0.83125	0.44809	0.49625	0.39549	0.39549	0.33000	0.68760	0.65620

lv_A1
0.84382	0.45636	0.50236	0.41194	0.41195	0.33544	0.68592	0.64439

lv_A1
0.84382	0.45636	0.50236	0.41194	0.41195	0.33544	0.68592	0.64439

lv_A1
0.84382	0.45636	0.50236	0.41194	0.41195	0.33544	0.68592	0.64439

lv_A1
0.84382	0.45636	0.50236	0.41194	0.41195	0.33544	0.68592	0.64439

lv_A1
0.84382	0.45636	0.50236	0.41194	0.41195	0.33544	0.68592	0.64439

lv_A1
0.84382	0.45636	0.50236	0.41194	0.41195	0.33544	0.68592	0.64439

lv_A1
0.83881	0.44917	0.50498	0.40987	0.40988	0.33777	0.69024	0.65510

lv_A1
0.84134	0.46117	0.50959	0.41626	0.41627	0.34191	0.69225	0.65990

lv_A1
0.82854	0.44875	0.48961	0.38712	0.38713	0.32416	0.68403	0.66987

lv_A1
0.82996	0.44147	0.49983	0.39776	0.39776	0.33318	0.69083	0.65694

lv_A1
0.84327	0.46385	0.52536	0.43231	0.43233	0.35626	0.70281	0.66433

lv_A1
0.84507	0.44524	0.49554	0.40703	0.40704	0.32938	0.68071	0.63885

lv_A1
0.84507	0.44524	0.49554	0.40703	0.40704	0.32938	0.68071	0.63885

lv_A1
0.84507	0.44524	0.49554	0.40703	0.40704	0.32938	0.68071	0.63885

lv_A1
0.84507	0.44524	0.49554	0.40703	0.40704	0.32938	0.68071	0.63885

lv_A1
0.84507	0.44524	0.49554	0.40703	0.40704	0.32938	0.68071	0.63885

lv_A1
0.84507	0.44524	0.49554	0.40703	0.40704	0.32938	0.68071	0.63885

lv_A1
0.83726	0.46546	0.51710	0.41970	0.41971	0.34871	0.70001	0.67504

lv_A1
0.83726	0.46546	0.51710	0.41970	0.41971	0.34871	0.70001	0.67504

lv_A1
0.83726	0.46546	0.51710	0.41970	0.41971	0.34871	0.70001	0.67504

lv_A1
0.83726	0.46546	0.51710	0.41970	0.41971	0.34871	0.70001	0.67504

lv_A1
0.83726	0.46546	0.51710	0.41970	0.41971	0.34871	0.70001	0.67504

lv_A1
0.83726	0.46546	0.51710	0.41970	0.41971	0.34871	0.70001	0.67504

lv_A1
0.84424	0.49385	0.55396	0.45968	0.45969	0.38309	0.72517	0.71049

lv_A1
0.84424	0.49385	0.55396	0.45968	0.45969	0.38309	0.72517	0.71049

lv_A1
0.84424	0.49385	0.55396	0.45968	0.45969	0.38309	0.72517	0.71049

lv_A1
0.84424	0.49385	0.55396	0.45968	0.45969	0.38309	0.72517	0.71049

lv_A1
0.84424	0.49385	0.55396	0.45968	0.45969	0.38309	0.72517	0.71049

lv_A1
0.84424	0.49385	0.55396	0.45968	0.45969	0.38309	0.72517	0.71049

lv_A1
0.84024	0.49500	0.54397	0.44718	0.44719	0.37360	0.71960	0.70273

lv_A1
0.84024	0.49500	0.54397	0.44718	0.44719	0.37360	0.71960	0.70273

lv_A1
0.84024	0.49500	0.54397	0.44718	0.44719	0.37360	0.71960	0.70273

lv_A1
0.84024	0.49500	0.54397	0.44718	0.44719	0.37360	0.71960	0.70273

lv_A1
0.84024	0.49500	0.54397	0.44718	0.44719	0.37360	0.71960	0.70273

lv_A1
0.84024	0.49500	0.54397	0.44718	0.44719	0.37360	0.71960	0.70273

lv_A1
0.83968	0.49854	0.54565	0.44835	0.44835	0.37519	0.72140	0.70790

lv_A1
0.83968	0.49854	0.54565	0.44835	0.44835	0.37519	0.72140	0.70790

lv_A1
0.83968	0.49854	0.54565	0.44835	0.44835	0.37519	0.72140	0.70790

lv_A1
0.83968	0.49854	0.54565	0.44835	0.44835	0.37519	0.72140	0.70790

lv_A1
0.83968	0.49854	0.54565	0.44835	0.44835	0.37519	0.72140	0.70790

lv_A1
0.83968	0.49854	0.54565	0.44835	0.44835	0.37519	0.72140	0.70790

lv_A1
0.83835	0.49787	0.55257	0.45393	0.45393	0.38176	0.72833	0.70421

lv_A1
0.83835	0.49787	0.55257	0.45393	0.45393	0.38176	0.72833	0.70421

lv_A1
0.83835	0.49787	0.55257	0.45393	0.45393	0.38176	0.72833	0.70421

lv_A1
0.83835	0.49787	0.55257	0.45393	0.45393	0.38176	0.72833	0.70421

lv_A1
0.83835	0.49787	0.55257	0.45393	0.45393	0.38176	0.72833	0.70421

lv_A1
0.83835	0.49787	0.55257	0.45393	0.45393	0.38176	0.72833	0.70421

lv_A1
0.85052	0.49842	0.54599	0.45736	0.45737	0.37551	0.71409	0.68722

lv_A1
0.85052	0.49842	0.54599	0.45736	0.45737	0.37551	0.71409	0.68722

lv_A1
0.85052	0.49842	0.54599	0.45736	0.45737	0.37551	0.71409	0.68722

lv_A1
0.85052	0.49842	0.54599	0.45736	0.45737	0.37551	0.71409	0.68722

lv_A1
0.85052	0.49842	0.54599	0.45736	0.45737	0.37551	0.71409	0.68722

lv_A1
0.85052	0.49842	0.54599	0.45736	0.45737	0.37551	0.71409	0.68722

lv_A1
0.84856	0.49943	0.53841	0.44875	0.44876	0.36837	0.70949	0.67688

lv_A1
0.84856	0.49943	0.53841	0.44875	0.44876	0.36837	0.70949	0.67688

lv_A1
0.84856	0.49943	0.53841	0.44875	0.44876	0.36837	0.70949	0.67688

lv_A1
0.84856	0.49943	0.53841	0.44875	0.44876	0.36837	0.70949	0.67688

lv_A1
0.84856	0.49943	0.53841	0.44875	0.44876	0.36837	0.70949	0.67688

lv_A1
0.84856	0.49943	0.53841	0.44875	0.44876	0.36837	0.70949	0.67688

lv_A1
0.84989	0.49825	0.54273	0.45384	0.45385	0.37243	0.71196	0.68021

lv_A1
0.84989	0.49825	0.54273	0.45384	0.45385	0.37243	0.71196	0.68021

lv_A1
0.84989	0.49825	0.54273	0.45384	0.45385	0.37243	0.71196	0.68021

lv_A1
0.84989	0.49825	0.54273	0.45384	0.45385	0.37243	0.71196	0.68021

lv_A1
0.84989	0.49825	0.54273	0.45384	0.45385	0.37243	0.71196	0.68021

lv_A1
0.84989	0.49825	0.54273	0.45384	0.45385	0.37243	0.71196	0.68021

lv_A1
0.82495	0.35145	0.36154	0.27107	0.27108	0.22066	0.61061	0.47858

lv_A1
0.84424	0.49385	0.55396	0.45968	0.45969	0.38309	0.72517	0.71049

lv_A1
0.84424	0.49385	0.55396	0.45968	0.45969	0.38309	0.72517	0.71049

lv_A1
0.84424	0.49385	0.55396	0.45968	0.45969	0.38309	0.72517	0.71049

lv_A1
0.84424	0.49385	0.55396	0.45968	0.45969	0.38309	0.72517	0.71049

lv_A1
0.84424	0.49385	0.55396	0.45968	0.45969	0.38309	0.72517	0.71049

lv_A1
0.84424	0.49385	0.55396	0.45968	0.45969	0.38309	0.72517	0.71049

lv_A1
0.84424	0.49385	0.55396	0.45968	0.45969	0.38309	0.72517	0.71049

lv_A1
0.84024	0.49500	0.54397	0.44718	0.44719	0.37360	0.71960	0.70273

lv_A1
0.84024	0.49500	0.54397	0.44718	0.44719	0.37360	0.71960	0.70273

lv_A1
0.84024	0.49500	0.54397	0.44718	0.44719	0.37360	0.71960	0.70273

lv_A1
0.84024	0.49500	0.54397	0.44718	0.44719	0.37360	0.71960	0.70273

lv_A1
0.84024	0.49500	0.54397	0.44718	0.44719	0.37360	0.71960	0.70273

lv_A1
0.84024	0.49500	0.54397	0.44718	0.44719	0.37360	0.71960	0.70273

lv_A1
0.84507	0.44524	0.49554	0.40703	0.40704	0.32938	0.68071	0.63885

lv_A1
0.84507	0.44524	0.49554	0.40703	0.40704	0.32938	0.68071	0.63885

lv_A1
0.84507	0.44524	0.49554	0.40703	0.40704	0.32938	0.68071	0.63885

lv_A1
0.84507	0.44524	0.49554	0.40703	0.40704	0.32938	0.68071	0.63885

lv_A1
0.84507	0.44524	0.49554	0.40703	0.40704	0.32938	0.68071	0.63885

lv_A1
0.84507	0.44524	0.49554	0.40703	0.40704	0.32938	0.68071	0.63885

lv_A1
0.83726	0.46546	0.51710	0.41970	0.41971	0.34871	0.70001	0.67504

lv_A1
0.83726	0.46546	0.51710	0.41970	0.41971	0.34871	0.70001	0.67504

lv_A1
0.83726	0.46546	0.51710	0.41970	0.41971	0.34871	0.70001	0.67504

lv_A1
0.83726	0.46546	0.51710	0.41970	0.41971	0.34871	0.70001	0.67504

lv_A1
0.83726	0.46546	0.51710	0.41970	0.41971	0.34871	0.70001	0.67504

lv_A1
0.83726	0.46546	0.51710	0.41970	0.41971	0.34871	0.70001	0.67504

lv_A1
0.84424	0.49385	0.55396	0.45968	0.45969	0.38309	0.72517	0.71049

lv_A1
0.84424	0.49385	0.55396	0.45968	0.45969	0.38309	0.72517	0.71049

lv_A1
0.84424	0.49385	0.55396	0.45968	0.45969	0.38309	0.72517	0.71049

lv_A1
0.84424	0.49385	0.55396	0.45968	0.45969	0.38309	0.72517	0.71049

lv_A1
0.84424	0.49385	0.55396	0.45968	0.45969	0.38309	0.72517	0.71049

lv_A1
0.84424	0.49385	0.55396	0.45968	0.45969	0.38309	0.72517	0.71049

lv_A1
0.84024	0.49500	0.54397	0.44718	0.44719	0.37360	0.71960	0.70273

lv_A1
0.84024	0.49500	0.54397	0.44718	0.44719	0.37360	0.71960	0.70273

lv_A1
0.84024	0.49500	0.54397	0.44718	0.44719	0.37360	0.71960	0.70273

lv_A1
0.84024	0.49500	0.54397	0.44718	0.44719	0.37360	0.71960	0.70273

lv_A1
0.84024	0.49500	0.54397	0.44718	0.44719	0.37360	0.71960	0.70273

lv_A1
0.84024	0.49500	0.54397	0.44718	0.44719	0.37360	0.71960	0.70273

lv_A1
0.83968	0.49854	0.54565	0.44835	0.44835	0.37519	0.72140	0.70790

lv_A1
0.83968	0.49854	0.54565	0.44835	0.44835	0.37519	0.72140	0.70790

lv_A1
0.83968	0.49854	0.54565	0.44835	0.44835	0.37519	0.72140	0.70790

lv_A1
0.83968	0.49854	0.54565	0.44835	0.44835	0.37519	0.72140	0.70790

lv_A1
0.83968	0.49854	0.54565	0.44835	0.44835	0.37519	0.72140	0.70790

lv_A1
0.83968	0.49854	0.54565	0.44835	0.44835	0.37519	0.72140	0.70790

lv_A1
0.83835	0.49787	0.55257	0.45393	0.45393	0.38176	0.72833	0.70421

lv_A1
0.83835	0.49787	0.55257	0.45393	0.45393	0.38176	0.72833	0.70421

lv_A1
0.83835	0.49787	0.55257	0.45393	0.45393	0.38176	0.72833	0.70421

lv_A1
0.83835	0.49787	0.55257	0.45393	0.45393	0.38176	0.72833	0.70421

lv_A1
0.83835	0.49787	0.55257	0.45393	0.45393	0.38176	0.72833	0.70421

lv_A1
0.83835	0.49787	0.55257	0.45393	0.45393	0.38176	0.72833	0.70421

lv_A1
0.85052	0.49842	0.54599	0.45736	0.45737	0.37551	0.71409	0.68722

lv_A1
0.85052	0.49842	0.54599	0.45736	0.45737	0.37551	0.71409	0.68722

lv_A1
0.85052	0.49842	0.54599	0.45736	0.45737	0.37551	0.71409	0.68722

lv_A1
0.85052	0.49842	0.54599	0.45736	0.45737	0.37551	0.71409	0.68722

lv_A1
0.85052	0.49842	0.54599	0.45736	0.45737	0.37551	0.71409	0.68722

lv_A1
0.85052	0.49842	0.54599	0.45736	0.45737	0.37551	0.71409	0.68722

lv_A1
0.84856	0.49943	0.53841	0.44875	0.44876	0.36837	0.70949	0.67688

lv_A1
0.84856	0.49943	0.53841	0.44875	0.44876	0.36837	0.70949	0.67688

lv_A1
0.84856	0.49943	0.53841	0.44875	0.44876	0.36837	0.70949	0.67688

lv_A1
0.84856	0.49943	0.53841	0.44875	0.44876	0.36837	0.70949	0.67688

lv_A1
0.84856	0.49943	0.53841	0.44875	0.44876	0.36837	0.70949	0.67688

lv_A1
0.84856	0.49943	0.53841	0.44875	0.44876	0.36837	0.70949	0.67688

lv_A1
0.84989	0.49825	0.54273	0.45384	0.45385	0.37243	0.71196	0.68021

lv_A1
0.84989	0.49825	0.54273	0.45384	0.45385	0.37243	0.71196	0.68021

lv_A1
0.84989	0.49825	0.54273	0.45384	0.45385	0.37243	0.71196	0.68021

lv_A1
0.84989	0.49825	0.54273	0.45384	0.45385	0.37243	0.71196	0.68021

lv_A1
0.84989	0.49825	0.54273	0.45384	0.45385	0.37243	0.71196	0.68021

lv_A1
0.84989	0.49825	0.54273	0.45384	0.45385	0.37243	0.71196	0.68021

lv_A1
0.83470	0.47169	0.51487	0.41556	0.41557	0.34668	0.69972	0.67836

lv_A1
0.83470	0.47169	0.51487	0.41556	0.41557	0.34668	0.69972	0.67836

lv_A1
0.83470	0.47169	0.51487	0.41556	0.41557	0.34668	0.69972	0.67836

lv_A1
0.83470	0.47169	0.51487	0.41556	0.41557	0.34668	0.69972	0.67836

lv_A1
0.83470	0.47169	0.51487	0.41556	0.41557	0.34668	0.69972	0.67836

lv_A1
0.83470	0.47169	0.51487	0.41556	0.41557	0.34668	0.69972	0.67836

lv_A1
0.84424	0.49385	0.55396	0.45968	0.45969	0.38309	0.72517	0.71049

lv_A1
0.84424	0.49385	0.55396	0.45968	0.45969	0.38309	0.72517	0.71049

lv_A1
0.84424	0.49385	0.55396	0.45968	0.45969	0.38309	0.72517	0.71049

lv_A1
0.84424	0.49385	0.55396	0.45968	0.45969	0.38309	0.72517	0.71049

lv_A1
0.84424	0.49385	0.55396	0.45968	0.45969	0.38309	0.72517	0.71049

lv_A1
0.84424	0.49385	0.55396	0.45968	0.45969	0.38309	0.72517	0.71049

lv_A1
0.84146	0.49846	0.55533	0.45885	0.45886	0.38440	0.72843	0.70606

lv_A1
0.84146	0.49846	0.55533	0.45885	0.45886	0.38440	0.72843	0.70606

lv_A1
0.84146	0.49846	0.55533	0.45885	0.45886	0.38440	0.72843	0.70606

lv_A1
0.84146	0.49846	0.55533	0.45885	0.45886	0.38440	0.72843	0.70606

lv_A1
0.84146	0.49846	0.55533	0.45885	0.45886	0.38440	0.72843	0.70606

lv_A1
0.84146	0.49846	0.55533	0.45885	0.45886	0.38440	0.72843	0.70606

lv_A1
0.83640	0.49066	0.55323	0.45315	0.45315	0.38239	0.73036	0.70384

lv_A1
0.83640	0.49066	0.55323	0.45315	0.45315	0.38239	0.73036	0.70384

lv_A1
0.83640	0.49066	0.55323	0.45315	0.45315	0.38239	0.73036	0.70384

lv_A1
0.83640	0.49066	0.55323	0.45315	0.45315	0.38239	0.73036	0.70384

lv_A1
0.83640	0.49066	0.55323	0.45315	0.45315	0.38239	0.73036	0.70384

lv_A1
0.83640	0.49066	0.55323	0.45315	0.45315	0.38239	0.73036	0.70384

lv_A1
0.84960	0.48762	0.54238	0.45327	0.45327	0.37210	0.71188	0.68205

lv_A1
0.84960	0.48762	0.54238	0.45327	0.45327	0.37210	0.71188	0.68205

lv_A1
0.84960	0.48762	0.54238	0.45327	0.45327	0.37210	0.71188	0.68205

lv_A1
0.84960	0.48762	0.54238	0.45327	0.45327	0.37210	0.71188	0.68205

lv_A1
0.84960	0.48762	0.54238	0.45327	0.45327	0.37210	0.71188	0.68205

lv_A1
0.84960	0.48762	0.54238	0.45327	0.45327	0.37210	0.71188	0.68205

lv_A1
0.84668	0.48046	0.53471	0.44378	0.44378	0.36492	0.70786	0.67651

lv_A1
0.84668	0.48046	0.53471	0.44378	0.44378	0.36492	0.70786	0.67651

lv_A1
0.84668	0.48046	0.53471	0.44378	0.44378	0.36492	0.70786	0.67651

lv_A1
0.84668	0.48046	0.53471	0.44378	0.44378	0.36492	0.70786	0.67651

lv_A1
0.84668	0.48046	0.53471	0.44378	0.44378	0.36492	0.70786	0.67651

lv_A1
0.84668	0.48046	0.53471	0.44378	0.44378	0.36492	0.70786	0.67651

lv_A1
0.84424	0.49385	0.55396	0.45968	0.45969	0.38309	0.72517	0.71049

lv_A1
0.84424	0.49385	0.55396	0.45968	0.45969	0.38309	0.72517	0.71049

lv_A1
0.84424	0.49385	0.55396	0.45968	0.45969	0.38309	0.72517	0.71049

lv_A1
0.84424	0.49385	0.55396	0.45968	0.45969	0.38309	0.72517	0.71049

lv_A1
0.84424	0.49385	0.55396	0.45968	0.45969	0.38309	0.72517	0.71049

lv_A1
0.84424	0.49385	0.55396	0.45968	0.45969	0.38309	0.72517	0.71049

lv_A1
0.84424	0.49385	0.55396	0.45968	0.45969	0.38309	0.72517	0.71049

lv_A1
0.84424	0.49385	0.55396	0.45968	0.45969	0.38309	0.72517	0.71049

lv_A1
0.84424	0.49385	0.55396	0.45968	0.45969	0.38309	0.72517	0.71049

lv_A1
0.84424	0.49385	0.55396	0.45968	0.45969	0.38309	0.72517	0.71049

lv_A1
0.84424	0.49385	0.55396	0.45968	0.45969	0.38309	0.72517	0.71049

lv_A1
0.84424	0.49385	0.55396	0.45968	0.45969	0.38309	0.72517	0.71049

lv_A1
0.84424	0.49385	0.55396	0.45968	0.45969	0.38309	0.72517	0.71049

lv_A1
0.84424	0.49385	0.55396	0.45968	0.45969	0.38309	0.72517	0.71049

lv_A1
0.84424	0.49385	0.55396	0.45968	0.45969	0.38309	0.72517	0.71049

lv_A1
0.84424	0.49385	0.55396	0.45968	0.45969	0.38309	0.72517	0.71049

lv_A1
0.84424	0.49385	0.55396	0.45968	0.45969	0.38309	0.72517	0.71049

lv_A1
0.84424	0.49385	0.55396	0.45968	0.45969	0.38309	0.72517	0.71049

lv_A1
0.84424	0.49385	0.55396	0.45968	0.45969	0.38309	0.72517	0.71049

lv_A1
0.84424	0.49385	0.55396	0.45968	0.45969	0.38309	0.72517	0.71049

lv_A1
0.84424	0.49385	0.55396	0.45968	0.45969	0.38309	0.72517	0.71049

lv_A1
0.84424	0.49385	0.55396	0.45968	0.45969	0.38309	0.72517	0.71049

lv_A1
0.84424	0.49385	0.55396	0.45968	0.45969	0.38309	0.72517	0.71049

lv_A1
0.84424	0.49385	0.55396	0.45968	0.45969	0.38309	0.72517	0.71049

lv_A1
0.84424	0.49385	0.55396	0.45968	0.45969	0.38309	0.72517	0.71049

lv_A1
0.84424	0.49385	0.55396	0.45968	0.45969	0.38309	0.72517	0.71049

lv_A1
0.84424	0.49385	0.55396	0.45968	0.45969	0.38309	0.72517	0.71049

lv_A1
0.84538	0.48134	0.55805	0.46441	0.46442	0.38701	0.72782	0.69756

lv_A1
0.84538	0.48134	0.55805	0.46441	0.46442	0.38701	0.72782	0.69756

lv_A1
0.84538	0.48134	0.55805	0.46441	0.46442	0.38701	0.72782	0.69756

lv_A1
0.84538	0.48134	0.55805	0.46441	0.46442	0.38701	0.72782	0.69756

lv_A1
0.84538	0.48134	0.55805	0.46441	0.46442	0.38701	0.72782	0.69756

lv_A1
0.84538	0.48134	0.55805	0.46441	0.46442	0.38701	0.72782	0.69756

lv_A1
0.83987	0.45042	0.48846	0.39589	0.39591	0.32315	0.67832	0.63552

lv_A1
0.83987	0.45042	0.48846	0.39589	0.39591	0.32315	0.67832	0.63552

lv_A1
0.83987	0.45042	0.48846	0.39589	0.39591	0.32315	0.67832	0.63552

lv_A1
0.83987	0.45042	0.48846	0.39589	0.39591	0.32315	0.67832	0.63552

lv_A1
0.83987	0.45042	0.48846	0.39589	0.39591	0.32315	0.67832	0.63552

lv_A1
0.83987	0.45042	0.48846	0.39589	0.39591	0.32315	0.67832	0.63552

lv_A1
0.84254	0.48103	0.52433	0.43075	0.43076	0.35532	0.70247	0.66691

lv_A1
0.84254	0.48103	0.52433	0.43075	0.43076	0.35532	0.70247	0.66691

lv_A1
0.84254	0.48103	0.52433	0.43075	0.43076	0.35532	0.70247	0.66691

lv_A1
0.84254	0.48103	0.52433	0.43075	0.43076	0.35532	0.70247	0.66691

lv_A1
0.84254	0.48103	0.52433	0.43075	0.43076	0.35532	0.70247	0.66691

lv_A1
0.84254	0.48103	0.52433	0.43075	0.43076	0.35532	0.70247	0.66691

lv_A1
0.84538	0.48134	0.55805	0.46441	0.46442	0.38701	0.72782	0.69756

lv_A1
0.84538	0.48134	0.55805	0.46441	0.46442	0.38701	0.72782	0.69756

lv_A1
0.84538	0.48134	0.55805	0.46441	0.46442	0.38701	0.72782	0.69756

lv_A1
0.84538	0.48134	0.55805	0.46441	0.46442	0.38701	0.72782	0.69756

lv_A1
0.84538	0.48134	0.55805	0.46441	0.46442	0.38701	0.72782	0.69756

lv_A1
0.84538	0.48134	0.55805	0.46441	0.46442	0.38701	0.72782	0.69756

lv_A1
0.84024	0.49558	0.54429	0.44749	0.44750	0.37390	0.71987	0.70384

lv_A1
0.84024	0.49558	0.54429	0.44749	0.44750	0.37390	0.71987	0.70384

lv_A1
0.84024	0.49558	0.54429	0.44749	0.44750	0.37390	0.71987	0.70384

lv_A1
0.84024	0.49558	0.54429	0.44749	0.44750	0.37390	0.71987	0.70384

lv_A1
0.84024	0.49558	0.54429	0.44749	0.44750	0.37390	0.71987	0.70384

lv_A1
0.84024	0.49558	0.54429	0.44749	0.44750	0.37390	0.71987	0.70384

lv_A1
0.84160	0.49046	0.54697	0.45106	0.45106	0.37643	0.72116	0.70901

lv_A1
0.84160	0.49046	0.54697	0.45106	0.45106	0.37643	0.72116	0.70901

lv_A1
0.84160	0.49046	0.54697	0.45106	0.45106	0.37643	0.72116	0.70901

lv_A1
0.84160	0.49046	0.54697	0.45106	0.45106	0.37643	0.72116	0.70901

lv_A1
0.84160	0.49046	0.54697	0.45106	0.45106	0.37643	0.72116	0.70901

lv_A1
0.84160	0.49046	0.54697	0.45106	0.45106	0.37643	0.72116	0.70901

lv_A1
0.85613	0.50199	0.56065	0.47555	0.47556	0.38952	0.72167	0.69498

lv_A1
0.85613	0.50199	0.56065	0.47555	0.47556	0.38952	0.72167	0.69498

lv_A1
0.85613	0.50199	0.56065	0.47555	0.47556	0.38952	0.72167	0.69498

lv_A1
0.85613	0.50199	0.56065	0.47555	0.47556	0.38952	0.72167	0.69498

lv_A1
0.85613	0.50199	0.56065	0.47555	0.47556	0.38952	0.72167	0.69498

lv_A1
0.85613	0.50199	0.56065	0.47555	0.47556	0.38952	0.72167	0.69498

lv_A1
0.85047	0.49217	0.54991	0.46092	0.46093	0.37922	0.71724	0.69018

lv_A1
0.85047	0.49217	0.54991	0.46092	0.46093	0.37922	0.71724	0.69018

lv_A1
0.85047	0.49217	0.54991	0.46092	0.46093	0.37922	0.71724	0.69018

lv_A1
0.85047	0.49217	0.54991	0.46092	0.46093	0.37922	0.71724	0.69018

lv_A1
0.85047	0.49217	0.54991	0.46092	0.46093	0.37922	0.71724	0.69018

lv_A1
0.85047	0.49217	0.54991	0.46092	0.46093	0.37922	0.71724	0.69018

lv_A1
0.84830	0.48744	0.53323	0.44380	0.44381	0.36354	0.70568	0.68058

lv_A1
0.84830	0.48744	0.53323	0.44380	0.44381	0.36354	0.70568	0.68058

lv_A1
0.84830	0.48744	0.53323	0.44380	0.44381	0.36354	0.70568	0.68058

lv_A1
0.84830	0.48744	0.53323	0.44380	0.44381	0.36354	0.70568	0.68058

lv_A1
0.84830	0.48744	0.53323	0.44380	0.44381	0.36354	0.70568	0.68058

lv_A1
0.84830	0.48744	0.53323	0.44380	0.44381	0.36354	0.70568	0.68058

lv_A1
0.83883	0.48818	0.53502	0.43768	0.43769	0.36521	0.71316	0.71270

lv_A1
0.83883	0.48818	0.53502	0.43768	0.43769	0.36521	0.71316	0.71270

lv_A1
0.83883	0.48818	0.53502	0.43768	0.43769	0.36521	0.71316	0.71270

lv_A1
0.83883	0.48818	0.53502	0.43768	0.43769	0.36521	0.71316	0.71270

lv_A1
0.83883	0.48818	0.53502	0.43768	0.43769	0.36521	0.71316	0.71270

lv_A1
0.83883	0.48818	0.53502	0.43768	0.43769	0.36521	0.71316	0.71270

lv_A1
0.83987	0.45042	0.48846	0.39589	0.39591	0.32315	0.67832	0.63552

lv_A1
0.84254	0.48103	0.52433	0.43075	0.43076	0.35532	0.70247	0.66691

lv_A1
0.84538	0.48134	0.55805	0.46441	0.46442	0.38701	0.72782	0.69756

lv_A1
0.84024	0.49558	0.54429	0.44749	0.44750	0.37390	0.71987	0.70384

lv_A1
0.84160	0.49046	0.54697	0.45106	0.45106	0.37643	0.72116	0.70901

lv_A1
0.85613	0.50199	0.56065	0.47555	0.47556	0.38952	0.72167	0.69498

lv_A1
0.85047	0.49217	0.54991	0.46092	0.46093	0.37922	0.71724	0.69018

lv_A1
0.84830	0.48744	0.53323	0.44380	0.44381	0.36354	0.70568	0.68058

lv_A1
0.83883	0.48818	0.53502	0.43768	0.43769	0.36521	0.71316	0.71270

lv_A1
0.83430	0.45391	0.49155	0.39374	0.39376	0.32587	0.68287	0.64513

lv_A1
0.83430	0.45391	0.49155	0.39374	0.39376	0.32587	0.68287	0.64513

lv_A1
0.83430	0.45391	0.49155	0.39374	0.39376	0.32587	0.68287	0.64513

lv_A1
0.83430	0.45391	0.49155	0.39374	0.39376	0.32587	0.68287	0.64513

lv_A1
0.83430	0.45391	0.49155	0.39374	0.39376	0.32587	0.68287	0.64513

lv_A1
0.83430	0.45391	0.49155	0.39374	0.39376	0.32587	0.68287	0.64513

lv_A1
0.83430	0.45391	0.49155	0.39374	0.39376	0.32587	0.68287	0.64513

lv_A1
0.84538	0.48134	0.55805	0.46441	0.46442	0.38701	0.72782	0.69756

lv_A1
0.84871	0.47894	0.53581	0.44652	0.44652	0.36595	0.70739	0.67319

lv_A1
0.83938	0.49621	0.54457	0.44710	0.44711	0.37417	0.72070	0.70790

lv_A1
0.84099	0.49276	0.54483	0.44857	0.44858	0.37441	0.71980	0.70753

lv_A1
0.84116	0.47600	0.54230	0.44633	0.44634	0.37203	0.71758	0.70347

lv_A1
0.83430	0.45391	0.49155	0.39374	0.39376	0.32587	0.68287	0.64513

lv_A1
0.83430	0.45391	0.49155	0.39374	0.39376	0.32587	0.68287	0.64513

lv_A1
0.83430	0.45391	0.49155	0.39374	0.39376	0.32587	0.68287	0.64513

lv_A1
0.83430	0.45391	0.49155	0.39374	0.39376	0.32587	0.68287	0.64513

lv_A1
0.83430	0.45391	0.49155	0.39374	0.39376	0.32587	0.68287	0.64513

lv_A1
0.83430	0.45391	0.49155	0.39374	0.39376	0.32587	0.68287	0.64513

lv_A1
0.84538	0.48134	0.55805	0.46441	0.46442	0.38701	0.72782	0.69756

lv_A1
0.84538	0.48134	0.55805	0.46441	0.46442	0.38701	0.72782	0.69756

lv_A1
0.84538	0.48134	0.55805	0.46441	0.46442	0.38701	0.72782	0.69756

lv_A1
0.84538	0.48134	0.55805	0.46441	0.46442	0.38701	0.72782	0.69756

lv_A1
0.84538	0.48134	0.55805	0.46441	0.46442	0.38701	0.72782	0.69756

lv_A1
0.84538	0.48134	0.55805	0.46441	0.46442	0.38701	0.72782	0.69756

lv_A1
0.84871	0.47894	0.53581	0.44652	0.44652	0.36595	0.70739	0.67319

lv_A1
0.84871	0.47894	0.53581	0.44652	0.44652	0.36595	0.70739	0.67319

lv_A1
0.84871	0.47894	0.53581	0.44652	0.44652	0.36595	0.70739	0.67319

lv_A1
0.84871	0.47894	0.53581	0.44652	0.44652	0.36595	0.70739	0.67319

lv_A1
0.84871	0.47894	0.53581	0.44652	0.44652	0.36595	0.70739	0.67319

lv_A1
0.84871	0.47894	0.53581	0.44652	0.44652	0.36595	0.70739	0.67319

lv_A1
0.83938	0.49621	0.54457	0.44710	0.44711	0.37417	0.72070	0.70790

lv_A1
0.83938	0.49621	0.54457	0.44710	0.44711	0.37417	0.72070	0.70790

lv_A1
0.83938	0.49621	0.54457	0.44710	0.44711	0.37417	0.72070	0.70790

lv_A1
0.83938	0.49621	0.54457	0.44710	0.44711	0.37417	0.72070	0.70790

lv_A1
0.83938	0.49621	0.54457	0.44710	0.44711	0.37417	0.72070	0.70790

lv_A1
0.83938	0.49621	0.54457	0.44710	0.44711	0.37417	0.72070	0.70790

lv_A1
0.84099	0.49276	0.54483	0.44857	0.44858	0.37441	0.71980	0.70753

lv_A1
0.84099	0.49276	0.54483	0.44857	0.44858	0.37441	0.71980	0.70753

lv_A1
0.84099	0.49276	0.54483	0.44857	0.44858	0.37441	0.71980	0.70753

lv_A1
0.84099	0.49276	0.54483	0.44857	0.44858	0.37441	0.71980	0.70753

lv_A1
0.84099	0.49276	0.54483	0.44857	0.44858	0.37441	0.71980	0.70753

lv_A1
0.84099	0.49276	0.54483	0.44857	0.44858	0.37441	0.71980	0.70753

lv_A1
0.84116	0.47600	0.54230	0.44633	0.44634	0.37203	0.71758	0.70347

lv_A1
0.84116	0.47600	0.54230	0.44633	0.44634	0.37203	0.71758	0.70347

lv_A1
0.84116	0.47600	0.54230	0.44633	0.44634	0.37203	0.71758	0.70347

lv_A1
0.84116	0.47600	0.54230	0.44633	0.44634	0.37203	0.71758	0.70347

lv_A1
0.84116	0.47600	0.54230	0.44633	0.44634	0.37203	0.71758	0.70347

lv_A1
0.84116	0.47600	0.54230	0.44633	0.44634	0.37203	0.71758	0.70347

lv_A1
0.83962	0.46934	0.49900	0.40516	0.40516	0.33244	0.68562	0.64734

lv_A1
0.84699	0.46993	0.52349	0.43382	0.43383	0.35455	0.69922	0.66507

lv_A1
0.84484	0.47161	0.51214	0.42165	0.42166	0.34421	0.69222	0.66211

lv_A1
0.85040	0.48066	0.55996	0.47016	0.47016	0.38885	0.72557	0.69498

lv_A1
0.83709	0.47575	0.53892	0.44002	0.44002	0.36885	0.71751	0.69498

lv_A1
0.83962	0.46934	0.49900	0.40516	0.40516	0.33244	0.68562	0.64734

lv_A1
0.84699	0.46993	0.52349	0.43382	0.43383	0.35455	0.69922	0.66507

lv_A1
0.84484	0.47161	0.51214	0.42165	0.42166	0.34421	0.69222	0.66211

lv_A1
0.85040	0.48066	0.55996	0.47016	0.47016	0.38885	0.72557	0.69498

lv_A1
0.83709	0.47575	0.53892	0.44002	0.44002	0.36885	0.71751	0.69498

lv_A1
0.83171	0.41631	0.44231	0.34730	0.34731	0.28395	0.65217	0.57459

lv_A1
0.83171	0.41631	0.44231	0.34730	0.34731	0.28395	0.65217	0.57459

lv_A1
0.83171	0.41631	0.44231	0.34730	0.34731	0.28395	0.65217	0.57459

lv_A1
0.83171	0.41631	0.44231	0.34730	0.34731	0.28395	0.65217	0.57459

lv_A1
0.83558	0.43180	0.44956	0.35742	0.35744	0.28995	0.65541	0.58456

lv_A1
0.83558	0.43180	0.44956	0.35742	0.35744	0.28995	0.65541	0.58456

lv_A1
0.83558	0.43180	0.44956	0.35742	0.35744	0.28995	0.65541	0.58456

lv_A1
0.83558	0.43180	0.44956	0.35742	0.35744	0.28995	0.65541	0.58456

lv_A1
0.82392	0.36745	0.37037	0.27734	0.27736	0.22727	0.61484	0.50739

lv_A1
0.82392	0.36745	0.37037	0.27734	0.27736	0.22727	0.61484	0.50739

lv_A1
0.82392	0.36745	0.37037	0.27734	0.27736	0.22727	0.61484	0.50739

lv_A1
0.82392	0.36745	0.37037	0.27734	0.27736	0.22727	0.61484	0.50739

lv_A1
0.84424	0.49385	0.55396	0.45968	0.45969	0.38309	0.72517	0.71049

lv_A1
0.84507	0.44524	0.49554	0.40703	0.40704	0.32938	0.68071	0.63885

lv_A1
0.84507	0.44524	0.49554	0.40703	0.40704	0.32938	0.68071	0.63885

lv_A1
0.84507	0.44524	0.49554	0.40703	0.40704	0.32938	0.68071	0.63885

lv_A1
0.84507	0.44524	0.49554	0.40703	0.40704	0.32938	0.68071	0.63885

lv_A1
0.84507	0.44524	0.49554	0.40703	0.40704	0.32938	0.68071	0.63885

lv_A1
0.84507	0.44524	0.49554	0.40703	0.40704	0.32938	0.68071	0.63885

lv_A1
0.84507	0.44524	0.49554	0.40703	0.40704	0.32938	0.68071	0.63885

lv_A1
0.84507	0.44524	0.49554	0.40703	0.40704	0.32938	0.68071	0.63885

lv_A1
0.84507	0.44524	0.49554	0.40703	0.40704	0.32938	0.68071	0.63885

lv_A1
0.84507	0.44524	0.49554	0.40703	0.40704	0.32938	0.68071	0.63885

lv_A1
0.84507	0.44524	0.49554	0.40703	0.40704	0.32938	0.68071	0.63885

lv_A1
0.83726	0.46546	0.51710	0.41970	0.41971	0.34871	0.70001	0.67504

lv_A1
0.83726	0.46546	0.51710	0.41970	0.41971	0.34871	0.70001	0.67504

lv_A1
0.83726	0.46546	0.51710	0.41970	0.41971	0.34871	0.70001	0.67504

lv_A1
0.83726	0.46546	0.51710	0.41970	0.41971	0.34871	0.70001	0.67504

lv_A1
0.83726	0.46546	0.51710	0.41970	0.41971	0.34871	0.70001	0.67504

lv_A1
0.83726	0.46546	0.51710	0.41970	0.41971	0.34871	0.70001	0.67504

lv_A1
0.83726	0.46546	0.51710	0.41970	0.41971	0.34871	0.70001	0.67504

lv_A1
0.83726	0.46546	0.51710	0.41970	0.41971	0.34871	0.70001	0.67504

lv_A1
0.83726	0.46546	0.51710	0.41970	0.41971	0.34871	0.70001	0.67504

lv_A1
0.83726	0.46546	0.51710	0.41970	0.41971	0.34871	0.70001	0.67504

lv_A1
0.83726	0.46546	0.51710	0.41970	0.41971	0.34871	0.70001	0.67504

lv_A1
0.84424	0.49385	0.55396	0.45968	0.45969	0.38309	0.72517	0.71049

lv_A1
0.84424	0.49385	0.55396	0.45968	0.45969	0.38309	0.72517	0.71049

lv_A1
0.84424	0.49385	0.55396	0.45968	0.45969	0.38309	0.72517	0.71049

lv_A1
0.84424	0.49385	0.55396	0.45968	0.45969	0.38309	0.72517	0.71049

lv_A1
0.84424	0.49385	0.55396	0.45968	0.45969	0.38309	0.72517	0.71049

lv_A1
0.84424	0.49385	0.55396	0.45968	0.45969	0.38309	0.72517	0.71049

lv_A1
0.84424	0.49385	0.55396	0.45968	0.45969	0.38309	0.72517	0.71049

lv_A1
0.84424	0.49385	0.55396	0.45968	0.45969	0.38309	0.72517	0.71049

lv_A1
0.84424	0.49385	0.55396	0.45968	0.45969	0.38309	0.72517	0.71049

lv_A1
0.84424	0.49385	0.55396	0.45968	0.45969	0.38309	0.72517	0.71049

lv_A1
0.84424	0.49385	0.55396	0.45968	0.45969	0.38309	0.72517	0.71049

lv_A1
0.84024	0.49500	0.54397	0.44718	0.44719	0.37360	0.71960	0.70273

lv_A1
0.84024	0.49500	0.54397	0.44718	0.44719	0.37360	0.71960	0.70273

lv_A1
0.84024	0.49500	0.54397	0.44718	0.44719	0.37360	0.71960	0.70273

lv_A1
0.84024	0.49500	0.54397	0.44718	0.44719	0.37360	0.71960	0.70273

lv_A1
0.84024	0.49500	0.54397	0.44718	0.44719	0.37360	0.71960	0.70273

lv_A1
0.84024	0.49500	0.54397	0.44718	0.44719	0.37360	0.71960	0.70273

lv_A1
0.84024	0.49500	0.54397	0.44718	0.44719	0.37360	0.71960	0.70273

lv_A1
0.84024	0.49500	0.54397	0.44718	0.44719	0.37360	0.71960	0.70273

lv_A1
0.84024	0.49500	0.54397	0.44718	0.44719	0.37360	0.71960	0.70273

lv_A1
0.84024	0.49500	0.54397	0.44718	0.44719	0.37360	0.71960	0.70273

lv_A1
0.84024	0.49500	0.54397	0.44718	0.44719	0.37360	0.71960	0.70273

lv_A1
0.83968	0.49854	0.54565	0.44835	0.44835	0.37519	0.72140	0.70790

lv_A1
0.83968	0.49854	0.54565	0.44835	0.44835	0.37519	0.72140	0.70790

lv_A1
0.83968	0.49854	0.54565	0.44835	0.44835	0.37519	0.72140	0.70790

lv_A1
0.83968	0.49854	0.54565	0.44835	0.44835	0.37519	0.72140	0.70790

lv_A1
0.83968	0.49854	0.54565	0.44835	0.44835	0.37519	0.72140	0.70790

lv_A1
0.83968	0.49854	0.54565	0.44835	0.44835	0.37519	0.72140	0.70790

lv_A1
0.83968	0.49854	0.54565	0.44835	0.44835	0.37519	0.72140	0.70790

lv_A1
0.83968	0.49854	0.54565	0.44835	0.44835	0.37519	0.72140	0.70790

lv_A1
0.83968	0.49854	0.54565	0.44835	0.44835	0.37519	0.72140	0.70790

lv_A1
0.83968	0.49854	0.54565	0.44835	0.44835	0.37519	0.72140	0.70790

lv_A1
0.83968	0.49854	0.54565	0.44835	0.44835	0.37519	0.72140	0.70790

lv_A1
0.83835	0.49787	0.55257	0.45393	0.45393	0.38176	0.72833	0.70421

lv_A1
0.83835	0.49787	0.55257	0.45393	0.45393	0.38176	0.72833	0.70421

lv_A1
0.83835	0.49787	0.55257	0.45393	0.45393	0.38176	0.72833	0.70421

lv_A1
0.83835	0.49787	0.55257	0.45393	0.45393	0.38176	0.72833	0.70421

lv_A1
0.83835	0.49787	0.55257	0.45393	0.45393	0.38176	0.72833	0.70421

lv_A1
0.83835	0.49787	0.55257	0.45393	0.45393	0.38176	0.72833	0.70421

lv_A1
0.83835	0.49787	0.55257	0.45393	0.45393	0.38176	0.72833	0.70421

lv_A1
0.83835	0.49787	0.55257	0.45393	0.45393	0.38176	0.72833	0.70421

lv_A1
0.83835	0.49787	0.55257	0.45393	0.45393	0.38176	0.72833	0.70421

lv_A1
0.83835	0.49787	0.55257	0.45393	0.45393	0.38176	0.72833	0.70421

lv_A1
0.83835	0.49787	0.55257	0.45393	0.45393	0.38176	0.72833	0.70421

lv_A1
0.83711	0.41414	0.44678	0.35652	0.35653	0.28765	0.65336	0.58124

lv_A1
0.83186	0.40050	0.42793	0.33490	0.33492	0.27221	0.64387	0.56610

lv_A1
0.81630	0.34118	0.33813	0.24186	0.24188	0.20346	0.59959	0.47083

lv_A1
0.84424	0.49385	0.55396	0.45968	0.45969	0.38309	0.72517	0.71049

lv_A1
0.84424	0.49385	0.55396	0.45968	0.45969	0.38309	0.72517	0.71049

lv_A1
0.84424	0.49385	0.55396	0.45968	0.45969	0.38309	0.72517	0.71049

lv_A1
0.84424	0.49385	0.55396	0.45968	0.45969	0.38309	0.72517	0.71049

lv_A1
0.84424	0.49385	0.55396	0.45968	0.45969	0.38309	0.72517	0.71049

lv_A1
0.84424	0.49385	0.55396	0.45968	0.45969	0.38309	0.72517	0.71049

lv_A1
0.84424	0.49385	0.55396	0.45968	0.45969	0.38309	0.72517	0.71049

lv_A1
0.84424	0.49385	0.55396	0.45968	0.45969	0.38309	0.72517	0.71049

lv_A1
0.84424	0.49385	0.55396	0.45968	0.45969	0.38309	0.72517	0.71049

lv_A1
0.84424	0.49385	0.55396	0.45968	0.45969	0.38309	0.72517	0.71049

