AHCKA
0.82971	0.36814	0.47296	0.37275	0.37275	0.30973	0.67251	0.61292

AHCKA
0.82971	0.36814	0.47296	0.37275	0.37275	0.30973	0.67251	0.61292

AHCKA
0.82205	0.32245	0.37163	0.27609	0.27609	0.22822	0.61570	0.46950

AHCKA
0.82971	0.36814	0.47296	0.37275	0.37275	0.30973	0.67251	0.61292

AHCKA
0.82975	0.37613	0.47939	0.37865	0.37865	0.31527	0.67687	0.61564

AHCKA
0.82909	0.36419	0.47644	0.37539	0.37539	0.31272	0.67510	0.62621

AHCKA
0.83063	0.36257	0.46073	0.36249	0.36250	0.29932	0.66417	0.59360

AHCKA
0.83063	0.36257	0.46073	0.36249	0.36250	0.29932	0.66417	0.59360

AHCKA
0.83063	0.36257	0.46073	0.36249	0.36250	0.29932	0.66417	0.59360

AHCKA
0.83063	0.36257	0.46073	0.36249	0.36250	0.29932	0.66417	0.59360

AHCKA
0.83063	0.36257	0.46073	0.36249	0.36250	0.29932	0.66417	0.59360

AHCKA
0.83063	0.36257	0.46073	0.36249	0.36250	0.29932	0.66417	0.59360

AHCKA
0.82437	0.37490	0.49060	0.38465	0.38465	0.32503	0.68716	0.64130

AHCKA
0.82437	0.37490	0.49060	0.38465	0.38465	0.32503	0.68716	0.64130

AHCKA
0.82437	0.37490	0.49060	0.38465	0.38465	0.32503	0.68716	0.64130

AHCKA
0.82437	0.37490	0.49060	0.38465	0.38465	0.32503	0.68716	0.64130

AHCKA
0.82437	0.37490	0.49060	0.38465	0.38465	0.32503	0.68716	0.64130

AHCKA
0.82437	0.37490	0.49060	0.38465	0.38465	0.32503	0.68716	0.64130

AHCKA
0.82437	0.37490	0.49060	0.38465	0.38465	0.32503	0.68716	0.64130

AHCKA
0.82437	0.37490	0.49060	0.38465	0.38465	0.32503	0.68716	0.64130

AHCKA
0.82437	0.37490	0.49060	0.38465	0.38465	0.32503	0.68716	0.64130

AHCKA
0.82437	0.37490	0.49060	0.38465	0.38465	0.32503	0.68716	0.64130

AHCKA
0.82437	0.37490	0.49060	0.38465	0.38465	0.32503	0.68716	0.64130

AHCKA
0.82437	0.37490	0.49060	0.38465	0.38465	0.32503	0.68716	0.64130

AHCKA
0.82589	0.35381	0.45843	0.35621	0.35621	0.29738	0.66422	0.59028

AHCKA
0.82589	0.35381	0.45843	0.35621	0.35621	0.29738	0.66422	0.59028

AHCKA
0.82589	0.35381	0.45843	0.35621	0.35621	0.29738	0.66422	0.59028

AHCKA
0.82589	0.35381	0.45843	0.35621	0.35621	0.29738	0.66422	0.59028

AHCKA
0.82589	0.35381	0.45843	0.35621	0.35621	0.29738	0.66422	0.59028

AHCKA
0.82589	0.35381	0.45843	0.35621	0.35621	0.29738	0.66422	0.59028

AHCKA
0.82589	0.35381	0.45843	0.35621	0.35621	0.29738	0.66422	0.59028

AHCKA
0.82589	0.35381	0.45843	0.35621	0.35621	0.29738	0.66422	0.59028

AHCKA
0.82589	0.35381	0.45843	0.35621	0.35621	0.29738	0.66422	0.59028

AHCKA
0.82589	0.35381	0.45843	0.35621	0.35621	0.29738	0.66422	0.59028

AHCKA
0.82589	0.35381	0.45843	0.35621	0.35621	0.29738	0.66422	0.59028

AHCKA
0.82589	0.35381	0.45843	0.35621	0.35621	0.29738	0.66422	0.59028

AHCKA
0.82589	0.35381	0.45843	0.35621	0.35621	0.29738	0.66422	0.59028

AHCKA
0.82589	0.35381	0.45843	0.35621	0.35621	0.29738	0.66422	0.59028

AHCKA
0.82589	0.35381	0.45843	0.35621	0.35621	0.29738	0.66422	0.59028

AHCKA
0.82589	0.35381	0.45843	0.35621	0.35621	0.29738	0.66422	0.59028

AHCKA
0.82589	0.35381	0.45843	0.35621	0.35621	0.29738	0.66422	0.59028

AHCKA
0.82589	0.35381	0.45843	0.35621	0.35621	0.29738	0.66422	0.59028

AHCKA
0.82589	0.35381	0.45843	0.35621	0.35621	0.29738	0.66422	0.59028

AHCKA
0.82589	0.35381	0.45843	0.35621	0.35621	0.29738	0.66422	0.59028

AHCKA
0.82589	0.35381	0.45843	0.35621	0.35621	0.29738	0.66422	0.59028

AHCKA
0.82589	0.35381	0.45843	0.35621	0.35621	0.29738	0.66422	0.59028

AHCKA
0.82589	0.35381	0.45843	0.35621	0.35621	0.29738	0.66422	0.59028

AHCKA
0.82589	0.35381	0.45843	0.35621	0.35621	0.29738	0.66422	0.59028

AHCKA
0.82958	0.37487	0.47419	0.37375	0.37375	0.31078	0.67339	0.60236

AHCKA
0.82958	0.37487	0.47419	0.37375	0.37375	0.31078	0.67339	0.60236

AHCKA
0.82958	0.37487	0.47419	0.37375	0.37375	0.31078	0.67339	0.60236

AHCKA
0.82958	0.37487	0.47419	0.37375	0.37375	0.31078	0.67339	0.60236

AHCKA
0.82958	0.37487	0.47419	0.37375	0.37375	0.31078	0.67339	0.60236

AHCKA
0.82958	0.37487	0.47419	0.37375	0.37375	0.31078	0.67339	0.60236

AHCKA
0.82958	0.37487	0.47419	0.37375	0.37375	0.31078	0.67339	0.60236

AHCKA
0.82958	0.37487	0.47419	0.37375	0.37375	0.31078	0.67339	0.60236

AHCKA
0.82958	0.37487	0.47419	0.37375	0.37375	0.31078	0.67339	0.60236

AHCKA
0.82958	0.37487	0.47419	0.37375	0.37375	0.31078	0.67339	0.60236

AHCKA
0.82958	0.37487	0.47419	0.37375	0.37375	0.31078	0.67339	0.60236

AHCKA
0.82958	0.37487	0.47419	0.37375	0.37375	0.31078	0.67339	0.60236

AHCKA
0.82437	0.37490	0.49060	0.38465	0.38465	0.32503	0.68716	0.64130

AHCKA
0.82437	0.37490	0.49060	0.38465	0.38465	0.32503	0.68716	0.64130

AHCKA
0.82437	0.37490	0.49060	0.38465	0.38465	0.32503	0.68716	0.64130

AHCKA
0.82437	0.37490	0.49060	0.38465	0.38465	0.32503	0.68716	0.64130

AHCKA
0.82437	0.37490	0.49060	0.38465	0.38465	0.32503	0.68716	0.64130

AHCKA
0.82437	0.37490	0.49060	0.38465	0.38465	0.32503	0.68716	0.64130

AHCKA
0.82437	0.37490	0.49060	0.38465	0.38465	0.32503	0.68716	0.64130

AHCKA
0.82437	0.37490	0.49060	0.38465	0.38465	0.32503	0.68716	0.64130

AHCKA
0.82437	0.37490	0.49060	0.38465	0.38465	0.32503	0.68716	0.64130

AHCKA
0.82437	0.37490	0.49060	0.38465	0.38465	0.32503	0.68716	0.64130

AHCKA
0.82437	0.37490	0.49060	0.38465	0.38465	0.32503	0.68716	0.64130

AHCKA
0.82437	0.37490	0.49060	0.38465	0.38465	0.32503	0.68716	0.64130

AHCKA
0.82437	0.37490	0.49060	0.38465	0.38465	0.32503	0.68716	0.64130

AHCKA
0.82437	0.37490	0.49060	0.38465	0.38465	0.32503	0.68716	0.64130

AHCKA
0.82437	0.37490	0.49060	0.38465	0.38465	0.32503	0.68716	0.64130

AHCKA
0.82437	0.37490	0.49060	0.38465	0.38465	0.32503	0.68716	0.64130

AHCKA
0.82437	0.37490	0.49060	0.38465	0.38465	0.32503	0.68716	0.64130

AHCKA
0.82437	0.37490	0.49060	0.38465	0.38465	0.32503	0.68716	0.64130

AHCKA
0.82589	0.35381	0.45843	0.35621	0.35621	0.29738	0.66422	0.59028

AHCKA
0.82589	0.35381	0.45843	0.35621	0.35621	0.29738	0.66422	0.59028

AHCKA
0.82589	0.35381	0.45843	0.35621	0.35621	0.29738	0.66422	0.59028

AHCKA
0.82589	0.35381	0.45843	0.35621	0.35621	0.29738	0.66422	0.59028

AHCKA
0.82589	0.35381	0.45843	0.35621	0.35621	0.29738	0.66422	0.59028

AHCKA
0.82589	0.35381	0.45843	0.35621	0.35621	0.29738	0.66422	0.59028

AHCKA
0.82437	0.37490	0.49060	0.38465	0.38465	0.32503	0.68716	0.64130

