GNMF
0.71177	0.01815	0.19309	0.01764	0.01764	0.10686	0.50882	0.23068

GNMF
0.76053	0.17520	0.29352	0.14985	0.14985	0.17200	0.57195	0.40851

GNMF
0.78552	0.26951	0.41609	0.28485	0.28485	0.26270	0.64563	0.55374

GNMF
0.71177	0.01815	0.19309	0.01764	0.01764	0.10686	0.50882	0.23068

GNMF
0.76053	0.17520	0.29352	0.14985	0.14985	0.17200	0.57195	0.40851

GNMF
0.78552	0.26951	0.41609	0.28485	0.28485	0.26270	0.64563	0.55374

GNMF
0.71177	0.01815	0.19309	0.01764	0.01764	0.10686	0.50882	0.23068

GNMF
0.76053	0.17520	0.29352	0.14985	0.14985	0.17200	0.57195	0.40851

GNMF
0.78552	0.26951	0.41609	0.28485	0.28485	0.26270	0.64563	0.55374

GNMF
0.71177	0.01815	0.19309	0.01764	0.01764	0.10686	0.50882	0.23068

GNMF
0.76053	0.17520	0.29352	0.14985	0.14985	0.17200	0.57195	0.40851

GNMF
0.78552	0.26951	0.41609	0.28485	0.28485	0.26270	0.64563	0.55374

GNMF
0.78552	0.26951	0.41609	0.28485	0.28485	0.26270	0.64563	0.55374

GNMF
0.78552	0.26951	0.41609	0.28485	0.28485	0.26270	0.64563	0.55374

GNMF
0.78552	0.26951	0.41609	0.28485	0.28485	0.26270	0.64563	0.55374

GNMF
0.76053	0.17520	0.29352	0.14985	0.14985	0.17200	0.57195	0.40851

GNMF
0.76053	0.17520	0.29352	0.14985	0.14985	0.17200	0.57195	0.40851

GNMF
0.76053	0.17520	0.29352	0.14985	0.14985	0.17200	0.57195	0.40851

GNMF
0.71177	0.01815	0.19309	0.01764	0.01764	0.10686	0.50882	0.23068

GNMF
0.71177	0.01815	0.19309	0.01764	0.01764	0.10686	0.50882	0.23068

GNMF
0.71177	0.01815	0.19309	0.01764	0.01764	0.10686	0.50882	0.23068

GNMF
0.78552	0.26951	0.41609	0.28485	0.28485	0.26270	0.64563	0.55374

GNMF
0.78552	0.26951	0.41609	0.28485	0.28485	0.26270	0.64563	0.55374

GNMF
0.78552	0.26951	0.41609	0.28485	0.28485	0.26270	0.64563	0.55374

GNMF
0.78552	0.26951	0.41609	0.28485	0.28485	0.26270	0.64563	0.55374

GNMF
0.76053	0.17520	0.29352	0.14985	0.14985	0.17200	0.57195	0.40851

GNMF
0.76053	0.17520	0.29352	0.14985	0.14985	0.17200	0.57195	0.40851

GNMF
0.76053	0.17520	0.29352	0.14985	0.14985	0.17200	0.57195	0.40851

GNMF
0.71177	0.01815	0.19309	0.01764	0.01764	0.10686	0.50882	0.23068

GNMF
0.71177	0.01815	0.19309	0.01764	0.01764	0.10686	0.50882	0.23068

GNMF
0.71177	0.01815	0.19309	0.01764	0.01764	0.10686	0.50882	0.23068

GNMF
0.74376	0.04102	0.19307	0.04356	0.04356	0.10685	0.51990	0.25393

GNMF
0.79072	0.20330	0.31735	0.19770	0.19770	0.18860	0.58791	0.46105

GNMF
0.75518	0.24729	0.37813	0.22736	0.22736	0.23315	0.62281	0.52778

GNMF
0.74376	0.04102	0.19307	0.04356	0.04356	0.10685	0.51990	0.25393

GNMF
0.79072	0.20330	0.31735	0.19770	0.19770	0.18860	0.58791	0.46105

GNMF
0.75518	0.24729	0.37813	0.22736	0.22736	0.23315	0.62281	0.52778

GNMF
0.74376	0.04102	0.19307	0.04356	0.04356	0.10685	0.51990	0.25393

GNMF
0.79072	0.20330	0.31735	0.19770	0.19770	0.18860	0.58791	0.46105

GNMF
0.75518	0.24729	0.37813	0.22736	0.22736	0.23315	0.62281	0.52778

GNMF
0.74376	0.04102	0.19307	0.04356	0.04356	0.10685	0.51990	0.25393

GNMF
0.79072	0.20330	0.31735	0.19770	0.19770	0.18860	0.58791	0.46105

GNMF
0.75518	0.24729	0.37813	0.22736	0.22736	0.23315	0.62281	0.52778

GNMF
0.74376	0.04102	0.19307	0.04356	0.04356	0.10685	0.51990	0.25393

GNMF
0.79072	0.20330	0.31735	0.19770	0.19770	0.18860	0.58791	0.46105

GNMF
0.75518	0.24729	0.37813	0.22736	0.22736	0.23315	0.62281	0.52778

