GRACE
0.73164	0.21523	0.27546	0.11105	0.11105	0.15973	0.55715	0.40368

GRACE
0.73164	0.21523	0.27546	0.11105	0.11105	0.15973	0.55715	0.40368

GRACE
0.73164	0.21523	0.27546	0.11105	0.11105	0.15973	0.55715	0.40368

GRACE
0.73164	0.21523	0.27546	0.11105	0.11105	0.15973	0.55715	0.40368

GRACE
0.73164	0.21523	0.27546	0.11105	0.11105	0.15973	0.55715	0.40368

GRACE
0.73164	0.21523	0.27546	0.11105	0.11105	0.15973	0.55715	0.40368

GRACE
0.73164	0.21523	0.27546	0.11105	0.11105	0.15973	0.55715	0.40368

GRACE
0.73164	0.21523	0.27546	0.11105	0.11105	0.15973	0.55715	0.40368

GRACE
0.73164	0.21523	0.27546	0.11105	0.11105	0.15973	0.55715	0.40368

GRACE
0.77677	0.23872	0.28391	0.15498	0.15498	0.16544	0.56979	0.40248

GRACE
0.77677	0.23872	0.28391	0.15498	0.15498	0.16544	0.56979	0.40248

GRACE
0.77677	0.23872	0.28391	0.15498	0.15498	0.16544	0.56979	0.40248

GRACE
0.77677	0.23872	0.28391	0.15498	0.15498	0.16544	0.56979	0.40248

GRACE
0.77677	0.23872	0.28391	0.15498	0.15498	0.16544	0.56979	0.40248

