JNMF
0.79355	0.22591	0.32575	0.20782	0.20782	0.19456	0.59232	0.46739

JNMF
0.79355	0.22591	0.32575	0.20782	0.20782	0.19456	0.59232	0.46739

JNMF
0.79355	0.22591	0.32575	0.20782	0.20782	0.19456	0.59232	0.46739

JNMF
0.79355	0.22591	0.32575	0.20782	0.20782	0.19456	0.59232	0.46739

JNMF
0.79355	0.22591	0.32575	0.20782	0.20782	0.19456	0.59232	0.46739

JNMF
0.79355	0.22591	0.32575	0.20782	0.20782	0.19456	0.59232	0.46739

JNMF
0.79355	0.22591	0.32575	0.20782	0.20782	0.19456	0.59232	0.46739

JNMF
0.79355	0.22591	0.32575	0.20782	0.20782	0.19456	0.59232	0.46739

JNMF
0.79355	0.22591	0.32575	0.20782	0.20782	0.19456	0.59232	0.46739

JNMF
0.80057	0.22518	0.31856	0.20832	0.20832	0.18946	0.58946	0.45562

JNMF
0.80057	0.22518	0.31856	0.20832	0.20832	0.18946	0.58946	0.45562

JNMF
0.80057	0.22518	0.31856	0.20832	0.20832	0.18946	0.58946	0.45562

JNMF
0.80057	0.22518	0.31856	0.20832	0.20832	0.18946	0.58946	0.45562

JNMF
0.80057	0.22518	0.31856	0.20832	0.20832	0.18946	0.58946	0.45562

