lv_A1
0.81967	0.34662	0.45461	0.34741	0.34741	0.29417	0.66365	0.58937

lv_A1
0.82518	0.36084	0.46000	0.35703	0.35703	0.29870	0.66548	0.58635

lv_A1
0.81203	0.34791	0.45842	0.34481	0.34482	0.29737	0.66864	0.62470

lv_A1
0.81653	0.33853	0.45705	0.34709	0.34709	0.29622	0.66627	0.61081

lv_A1
0.81146	0.34660	0.45682	0.34287	0.34287	0.29603	0.66770	0.62258

lv_A1
0.81967	0.34662	0.45461	0.34741	0.34741	0.29417	0.66365	0.58937

lv_A1
0.81967	0.34662	0.45461	0.34741	0.34741	0.29417	0.66365	0.58937

lv_A1
0.81967	0.34662	0.45461	0.34741	0.34741	0.29417	0.66365	0.58937

lv_A1
0.81967	0.34662	0.45461	0.34741	0.34741	0.29417	0.66365	0.58937

lv_A1
0.82098	0.30179	0.36080	0.26574	0.26574	0.22011	0.61045	0.46800

lv_A1
0.81967	0.34662	0.45461	0.34741	0.34741	0.29417	0.66365	0.58937

lv_A1
0.81967	0.34662	0.45461	0.34741	0.34741	0.29417	0.66365	0.58937

lv_A1
0.81967	0.34662	0.45461	0.34741	0.34741	0.29417	0.66365	0.58937

lv_A1
0.82518	0.36084	0.46000	0.35703	0.35703	0.29870	0.66548	0.58635

lv_A1
0.82518	0.36084	0.46000	0.35703	0.35703	0.29870	0.66548	0.58635

lv_A1
0.82518	0.36084	0.46000	0.35703	0.35703	0.29870	0.66548	0.58635

lv_A1
0.82518	0.36084	0.46000	0.35703	0.35703	0.29870	0.66548	0.58635

lv_A1
0.82518	0.36084	0.46000	0.35703	0.35703	0.29870	0.66548	0.58635

lv_A1
0.82518	0.36084	0.46000	0.35703	0.35703	0.29870	0.66548	0.58635

lv_A1
0.81967	0.34662	0.45461	0.34741	0.34741	0.29417	0.66365	0.58937

lv_A1
0.81967	0.34662	0.45461	0.34741	0.34741	0.29417	0.66365	0.58937

lv_A1
0.81967	0.34662	0.45461	0.34741	0.34741	0.29417	0.66365	0.58937

lv_A1
0.81967	0.34662	0.45461	0.34741	0.34741	0.29417	0.66365	0.58937

lv_A1
0.81967	0.34662	0.45461	0.34741	0.34741	0.29417	0.66365	0.58937

lv_A1
0.81967	0.34662	0.45461	0.34741	0.34741	0.29417	0.66365	0.58937

lv_A1
0.81203	0.34791	0.45842	0.34481	0.34482	0.29737	0.66864	0.62470

lv_A1
0.81203	0.34791	0.45842	0.34481	0.34482	0.29737	0.66864	0.62470

lv_A1
0.81203	0.34791	0.45842	0.34481	0.34482	0.29737	0.66864	0.62470

lv_A1
0.81203	0.34791	0.45842	0.34481	0.34482	0.29737	0.66864	0.62470

lv_A1
0.81203	0.34791	0.45842	0.34481	0.34482	0.29737	0.66864	0.62470

lv_A1
0.81203	0.34791	0.45842	0.34481	0.34482	0.29737	0.66864	0.62470

lv_A1
0.81374	0.33939	0.45085	0.33907	0.33907	0.29103	0.66289	0.61021

lv_A1
0.81374	0.33939	0.45085	0.33907	0.33907	0.29103	0.66289	0.61021

lv_A1
0.81374	0.33939	0.45085	0.33907	0.33907	0.29103	0.66289	0.61021

lv_A1
0.81374	0.33939	0.45085	0.33907	0.33907	0.29103	0.66289	0.61021

lv_A1
0.81374	0.33939	0.45085	0.33907	0.33907	0.29103	0.66289	0.61021

lv_A1
0.81374	0.33939	0.45085	0.33907	0.33907	0.29103	0.66289	0.61021

lv_A1
0.81008	0.34330	0.45038	0.33574	0.33574	0.29064	0.66364	0.61262

lv_A1
0.81008	0.34330	0.45038	0.33574	0.33574	0.29064	0.66364	0.61262

lv_A1
0.81008	0.34330	0.45038	0.33574	0.33574	0.29064	0.66364	0.61262

lv_A1
0.81008	0.34330	0.45038	0.33574	0.33574	0.29064	0.66364	0.61262

lv_A1
0.81008	0.34330	0.45038	0.33574	0.33574	0.29064	0.66364	0.61262

lv_A1
0.81008	0.34330	0.45038	0.33574	0.33574	0.29064	0.66364	0.61262

lv_A1
0.81653	0.33853	0.45705	0.34709	0.34709	0.29622	0.66627	0.61081

lv_A1
0.81653	0.33853	0.45705	0.34709	0.34709	0.29622	0.66627	0.61081

lv_A1
0.81653	0.33853	0.45705	0.34709	0.34709	0.29622	0.66627	0.61081

lv_A1
0.81653	0.33853	0.45705	0.34709	0.34709	0.29622	0.66627	0.61081

lv_A1
0.81653	0.33853	0.45705	0.34709	0.34709	0.29622	0.66627	0.61081

lv_A1
0.81653	0.33853	0.45705	0.34709	0.34709	0.29622	0.66627	0.61081

lv_A1
0.81597	0.35604	0.46631	0.35529	0.35530	0.30405	0.67289	0.62832

lv_A1
0.81723	0.35968	0.47160	0.36125	0.36125	0.30856	0.67621	0.63587

lv_A1
0.81579	0.35588	0.46134	0.35050	0.35051	0.29984	0.66946	0.61957

lv_A1
0.81609	0.35736	0.46876	0.35768	0.35768	0.30613	0.67459	0.63134

lv_A1
0.81507	0.35150	0.45934	0.34806	0.34806	0.29815	0.66831	0.61564

lv_A1
0.82198	0.34765	0.44084	0.33682	0.33683	0.28274	0.65413	0.56703

lv_A1
0.82198	0.34765	0.44084	0.33682	0.33683	0.28274	0.65413	0.56703

lv_A1
0.82198	0.34765	0.44084	0.33682	0.33683	0.28274	0.65413	0.56703

lv_A1
0.82198	0.34765	0.44084	0.33682	0.33683	0.28274	0.65413	0.56703

lv_A1
0.82198	0.34765	0.44084	0.33682	0.33683	0.28274	0.65413	0.56703

lv_A1
0.82198	0.34765	0.44084	0.33682	0.33683	0.28274	0.65413	0.56703

lv_A1
0.81783	0.35513	0.46507	0.35560	0.35560	0.30299	0.67137	0.61715

lv_A1
0.81783	0.35513	0.46507	0.35560	0.35560	0.30299	0.67137	0.61715

lv_A1
0.81783	0.35513	0.46507	0.35560	0.35560	0.30299	0.67137	0.61715

lv_A1
0.81783	0.35513	0.46507	0.35560	0.35560	0.30299	0.67137	0.61715

lv_A1
0.81783	0.35513	0.46507	0.35560	0.35560	0.30299	0.67137	0.61715

lv_A1
0.81783	0.35513	0.46507	0.35560	0.35560	0.30299	0.67137	0.61715

lv_A1
0.81852	0.35717	0.46495	0.35604	0.35604	0.30289	0.67105	0.61685

lv_A1
0.81852	0.35717	0.46495	0.35604	0.35604	0.30289	0.67105	0.61685

lv_A1
0.81852	0.35717	0.46495	0.35604	0.35604	0.30289	0.67105	0.61685

lv_A1
0.81852	0.35717	0.46495	0.35604	0.35604	0.30289	0.67105	0.61685

lv_A1
0.81852	0.35717	0.46495	0.35604	0.35604	0.30289	0.67105	0.61685

lv_A1
0.81852	0.35717	0.46495	0.35604	0.35604	0.30289	0.67105	0.61685

lv_A1
0.81763	0.35841	0.46149	0.35211	0.35211	0.29996	0.66896	0.60870

lv_A1
0.81763	0.35841	0.46149	0.35211	0.35211	0.29996	0.66896	0.60870

lv_A1
0.81763	0.35841	0.46149	0.35211	0.35211	0.29996	0.66896	0.60870

lv_A1
0.81763	0.35841	0.46149	0.35211	0.35211	0.29996	0.66896	0.60870

lv_A1
0.81763	0.35841	0.46149	0.35211	0.35211	0.29996	0.66896	0.60870

lv_A1
0.81763	0.35841	0.46149	0.35211	0.35211	0.29996	0.66896	0.60870

lv_A1
0.81805	0.35531	0.45889	0.35003	0.35003	0.29776	0.66703	0.60719

lv_A1
0.81805	0.35531	0.45889	0.35003	0.35003	0.29776	0.66703	0.60719

lv_A1
0.81805	0.35531	0.45889	0.35003	0.35003	0.29776	0.66703	0.60719

lv_A1
0.81805	0.35531	0.45889	0.35003	0.35003	0.29776	0.66703	0.60719

lv_A1
0.81805	0.35531	0.45889	0.35003	0.35003	0.29776	0.66703	0.60719

lv_A1
0.81805	0.35531	0.45889	0.35003	0.35003	0.29776	0.66703	0.60719

lv_A1
0.81969	0.36167	0.46848	0.36027	0.36027	0.30590	0.67311	0.61534

lv_A1
0.81969	0.36167	0.46848	0.36027	0.36027	0.30590	0.67311	0.61534

lv_A1
0.81969	0.36167	0.46848	0.36027	0.36027	0.30590	0.67311	0.61534

lv_A1
0.81969	0.36167	0.46848	0.36027	0.36027	0.30590	0.67311	0.61534

lv_A1
0.81969	0.36167	0.46848	0.36027	0.36027	0.30590	0.67311	0.61534

lv_A1
0.81969	0.36167	0.46848	0.36027	0.36027	0.30590	0.67311	0.61534

lv_A1
0.81668	0.35397	0.45835	0.34842	0.34842	0.29731	0.66711	0.60386

lv_A1
0.81668	0.35397	0.45835	0.34842	0.34842	0.29731	0.66711	0.60386

lv_A1
0.81668	0.35397	0.45835	0.34842	0.34842	0.29731	0.66711	0.60386

lv_A1
0.81668	0.35397	0.45835	0.34842	0.34842	0.29731	0.66711	0.60386

lv_A1
0.81668	0.35397	0.45835	0.34842	0.34842	0.29731	0.66711	0.60386

lv_A1
0.81668	0.35397	0.45835	0.34842	0.34842	0.29731	0.66711	0.60386

lv_A1
0.81754	0.35046	0.45599	0.34692	0.34692	0.29532	0.66523	0.60266

lv_A1
0.81754	0.35046	0.45599	0.34692	0.34692	0.29532	0.66523	0.60266

lv_A1
0.81754	0.35046	0.45599	0.34692	0.34692	0.29532	0.66523	0.60266

lv_A1
0.81754	0.35046	0.45599	0.34692	0.34692	0.29532	0.66523	0.60266

lv_A1
0.81754	0.35046	0.45599	0.34692	0.34692	0.29532	0.66523	0.60266

lv_A1
0.81754	0.35046	0.45599	0.34692	0.34692	0.29532	0.66523	0.60266

lv_A1
0.81901	0.35852	0.46387	0.35543	0.35543	0.30197	0.67014	0.60930

lv_A1
0.81901	0.35852	0.46387	0.35543	0.35543	0.30197	0.67014	0.60930

lv_A1
0.81901	0.35852	0.46387	0.35543	0.35543	0.30197	0.67014	0.60930

lv_A1
0.81901	0.35852	0.46387	0.35543	0.35543	0.30197	0.67014	0.60930

lv_A1
0.81901	0.35852	0.46387	0.35543	0.35543	0.30197	0.67014	0.60930

lv_A1
0.81901	0.35852	0.46387	0.35543	0.35543	0.30197	0.67014	0.60930

lv_A1
0.81852	0.35717	0.46495	0.35604	0.35604	0.30289	0.67105	0.61685

lv_A1
0.81852	0.35717	0.46495	0.35604	0.35604	0.30289	0.67105	0.61685

lv_A1
0.81852	0.35717	0.46495	0.35604	0.35604	0.30289	0.67105	0.61685

lv_A1
0.81852	0.35717	0.46495	0.35604	0.35604	0.30289	0.67105	0.61685

lv_A1
0.81852	0.35717	0.46495	0.35604	0.35604	0.30289	0.67105	0.61685

lv_A1
0.81852	0.35717	0.46495	0.35604	0.35604	0.30289	0.67105	0.61685

lv_A1
0.81852	0.35717	0.46495	0.35604	0.35604	0.30289	0.67105	0.61685

lv_A1
0.81763	0.35841	0.46149	0.35211	0.35211	0.29996	0.66896	0.60870

lv_A1
0.81763	0.35841	0.46149	0.35211	0.35211	0.29996	0.66896	0.60870

lv_A1
0.81763	0.35841	0.46149	0.35211	0.35211	0.29996	0.66896	0.60870

lv_A1
0.81763	0.35841	0.46149	0.35211	0.35211	0.29996	0.66896	0.60870

lv_A1
0.81763	0.35841	0.46149	0.35211	0.35211	0.29996	0.66896	0.60870

lv_A1
0.81763	0.35841	0.46149	0.35211	0.35211	0.29996	0.66896	0.60870

lv_A1
0.82198	0.34765	0.44084	0.33682	0.33683	0.28274	0.65413	0.56703

lv_A1
0.82198	0.34765	0.44084	0.33682	0.33683	0.28274	0.65413	0.56703

lv_A1
0.82198	0.34765	0.44084	0.33682	0.33683	0.28274	0.65413	0.56703

lv_A1
0.82198	0.34765	0.44084	0.33682	0.33683	0.28274	0.65413	0.56703

lv_A1
0.82198	0.34765	0.44084	0.33682	0.33683	0.28274	0.65413	0.56703

lv_A1
0.82198	0.34765	0.44084	0.33682	0.33683	0.28274	0.65413	0.56703

lv_A1
0.81783	0.35513	0.46507	0.35560	0.35560	0.30299	0.67137	0.61715

lv_A1
0.81783	0.35513	0.46507	0.35560	0.35560	0.30299	0.67137	0.61715

lv_A1
0.81783	0.35513	0.46507	0.35560	0.35560	0.30299	0.67137	0.61715

lv_A1
0.81783	0.35513	0.46507	0.35560	0.35560	0.30299	0.67137	0.61715

lv_A1
0.81783	0.35513	0.46507	0.35560	0.35560	0.30299	0.67137	0.61715

lv_A1
0.81783	0.35513	0.46507	0.35560	0.35560	0.30299	0.67137	0.61715

lv_A1
0.81852	0.35717	0.46495	0.35604	0.35604	0.30289	0.67105	0.61685

lv_A1
0.81852	0.35717	0.46495	0.35604	0.35604	0.30289	0.67105	0.61685

lv_A1
0.81852	0.35717	0.46495	0.35604	0.35604	0.30289	0.67105	0.61685

lv_A1
0.81852	0.35717	0.46495	0.35604	0.35604	0.30289	0.67105	0.61685

lv_A1
0.81852	0.35717	0.46495	0.35604	0.35604	0.30289	0.67105	0.61685

lv_A1
0.81852	0.35717	0.46495	0.35604	0.35604	0.30289	0.67105	0.61685

lv_A1
0.81763	0.35841	0.46149	0.35211	0.35211	0.29996	0.66896	0.60870

lv_A1
0.81763	0.35841	0.46149	0.35211	0.35211	0.29996	0.66896	0.60870

lv_A1
0.81763	0.35841	0.46149	0.35211	0.35211	0.29996	0.66896	0.60870

lv_A1
0.81763	0.35841	0.46149	0.35211	0.35211	0.29996	0.66896	0.60870

lv_A1
0.81763	0.35841	0.46149	0.35211	0.35211	0.29996	0.66896	0.60870

lv_A1
0.81763	0.35841	0.46149	0.35211	0.35211	0.29996	0.66896	0.60870

lv_A1
0.81805	0.35531	0.45889	0.35003	0.35003	0.29776	0.66703	0.60719

lv_A1
0.81805	0.35531	0.45889	0.35003	0.35003	0.29776	0.66703	0.60719

lv_A1
0.81805	0.35531	0.45889	0.35003	0.35003	0.29776	0.66703	0.60719

lv_A1
0.81805	0.35531	0.45889	0.35003	0.35003	0.29776	0.66703	0.60719

lv_A1
0.81805	0.35531	0.45889	0.35003	0.35003	0.29776	0.66703	0.60719

lv_A1
0.81805	0.35531	0.45889	0.35003	0.35003	0.29776	0.66703	0.60719

lv_A1
0.81969	0.36167	0.46848	0.36027	0.36027	0.30590	0.67311	0.61534

lv_A1
0.81969	0.36167	0.46848	0.36027	0.36027	0.30590	0.67311	0.61534

lv_A1
0.81969	0.36167	0.46848	0.36027	0.36027	0.30590	0.67311	0.61534

lv_A1
0.81969	0.36167	0.46848	0.36027	0.36027	0.30590	0.67311	0.61534

lv_A1
0.81969	0.36167	0.46848	0.36027	0.36027	0.30590	0.67311	0.61534

lv_A1
0.81969	0.36167	0.46848	0.36027	0.36027	0.30590	0.67311	0.61534

lv_A1
0.81668	0.35397	0.45835	0.34842	0.34842	0.29731	0.66711	0.60386

lv_A1
0.81668	0.35397	0.45835	0.34842	0.34842	0.29731	0.66711	0.60386

lv_A1
0.81668	0.35397	0.45835	0.34842	0.34842	0.29731	0.66711	0.60386

lv_A1
0.81668	0.35397	0.45835	0.34842	0.34842	0.29731	0.66711	0.60386

lv_A1
0.81668	0.35397	0.45835	0.34842	0.34842	0.29731	0.66711	0.60386

lv_A1
0.81668	0.35397	0.45835	0.34842	0.34842	0.29731	0.66711	0.60386

lv_A1
0.81754	0.35046	0.45599	0.34692	0.34692	0.29532	0.66523	0.60266

lv_A1
0.81754	0.35046	0.45599	0.34692	0.34692	0.29532	0.66523	0.60266

lv_A1
0.81754	0.35046	0.45599	0.34692	0.34692	0.29532	0.66523	0.60266

lv_A1
0.81754	0.35046	0.45599	0.34692	0.34692	0.29532	0.66523	0.60266

lv_A1
0.81754	0.35046	0.45599	0.34692	0.34692	0.29532	0.66523	0.60266

lv_A1
0.81754	0.35046	0.45599	0.34692	0.34692	0.29532	0.66523	0.60266

lv_A1
0.81901	0.35852	0.46387	0.35543	0.35543	0.30197	0.67014	0.60930

lv_A1
0.81901	0.35852	0.46387	0.35543	0.35543	0.30197	0.67014	0.60930

lv_A1
0.81901	0.35852	0.46387	0.35543	0.35543	0.30197	0.67014	0.60930

lv_A1
0.81901	0.35852	0.46387	0.35543	0.35543	0.30197	0.67014	0.60930

lv_A1
0.81901	0.35852	0.46387	0.35543	0.35543	0.30197	0.67014	0.60930

lv_A1
0.81901	0.35852	0.46387	0.35543	0.35543	0.30197	0.67014	0.60930

lv_A1
0.81902	0.35136	0.46288	0.35453	0.35453	0.30113	0.66945	0.60719

lv_A1
0.81902	0.35136	0.46288	0.35453	0.35453	0.30113	0.66945	0.60719

lv_A1
0.81902	0.35136	0.46288	0.35453	0.35453	0.30113	0.66945	0.60719

lv_A1
0.81902	0.35136	0.46288	0.35453	0.35453	0.30113	0.66945	0.60719

lv_A1
0.81902	0.35136	0.46288	0.35453	0.35453	0.30113	0.66945	0.60719

lv_A1
0.81902	0.35136	0.46288	0.35453	0.35453	0.30113	0.66945	0.60719

lv_A1
0.81852	0.35717	0.46495	0.35604	0.35604	0.30289	0.67105	0.61685

lv_A1
0.81852	0.35717	0.46495	0.35604	0.35604	0.30289	0.67105	0.61685

lv_A1
0.81852	0.35717	0.46495	0.35604	0.35604	0.30289	0.67105	0.61685

lv_A1
0.81852	0.35717	0.46495	0.35604	0.35604	0.30289	0.67105	0.61685

lv_A1
0.81852	0.35717	0.46495	0.35604	0.35604	0.30289	0.67105	0.61685

lv_A1
0.81852	0.35717	0.46495	0.35604	0.35604	0.30289	0.67105	0.61685

lv_A1
0.81484	0.36129	0.47108	0.35891	0.35891	0.30812	0.67672	0.63043

lv_A1
0.81484	0.36129	0.47108	0.35891	0.35891	0.30812	0.67672	0.63043

lv_A1
0.81484	0.36129	0.47108	0.35891	0.35891	0.30812	0.67672	0.63043

lv_A1
0.81484	0.36129	0.47108	0.35891	0.35891	0.30812	0.67672	0.63043

lv_A1
0.81484	0.36129	0.47108	0.35891	0.35891	0.30812	0.67672	0.63043

lv_A1
0.81484	0.36129	0.47108	0.35891	0.35891	0.30812	0.67672	0.63043

lv_A1
0.81109	0.35625	0.46539	0.35068	0.35068	0.30326	0.67392	0.63043

lv_A1
0.81109	0.35625	0.46539	0.35068	0.35068	0.30326	0.67392	0.63043

lv_A1
0.81109	0.35625	0.46539	0.35068	0.35068	0.30326	0.67392	0.63043

lv_A1
0.81109	0.35625	0.46539	0.35068	0.35068	0.30326	0.67392	0.63043

lv_A1
0.81109	0.35625	0.46539	0.35068	0.35068	0.30326	0.67392	0.63043

lv_A1
0.81109	0.35625	0.46539	0.35068	0.35068	0.30326	0.67392	0.63043

lv_A1
0.81376	0.34434	0.45174	0.33992	0.33992	0.29177	0.66349	0.59390

lv_A1
0.81376	0.34434	0.45174	0.33992	0.33992	0.29177	0.66349	0.59390

lv_A1
0.81376	0.34434	0.45174	0.33992	0.33992	0.29177	0.66349	0.59390

lv_A1
0.81376	0.34434	0.45174	0.33992	0.33992	0.29177	0.66349	0.59390

lv_A1
0.81376	0.34434	0.45174	0.33992	0.33992	0.29177	0.66349	0.59390

lv_A1
0.81376	0.34434	0.45174	0.33992	0.33992	0.29177	0.66349	0.59390

lv_A1
0.81712	0.35817	0.46296	0.35307	0.35307	0.30120	0.67014	0.60477

lv_A1
0.81712	0.35817	0.46296	0.35307	0.35307	0.30120	0.67014	0.60477

lv_A1
0.81712	0.35817	0.46296	0.35307	0.35307	0.30120	0.67014	0.60477

lv_A1
0.81712	0.35817	0.46296	0.35307	0.35307	0.30120	0.67014	0.60477

lv_A1
0.81712	0.35817	0.46296	0.35307	0.35307	0.30120	0.67014	0.60477

lv_A1
0.81712	0.35817	0.46296	0.35307	0.35307	0.30120	0.67014	0.60477

lv_A1
0.81852	0.35717	0.46495	0.35604	0.35604	0.30289	0.67105	0.61685

lv_A1
0.81852	0.35717	0.46495	0.35604	0.35604	0.30289	0.67105	0.61685

lv_A1
0.81852	0.35717	0.46495	0.35604	0.35604	0.30289	0.67105	0.61685

lv_A1
0.81852	0.35717	0.46495	0.35604	0.35604	0.30289	0.67105	0.61685

lv_A1
0.81852	0.35717	0.46495	0.35604	0.35604	0.30289	0.67105	0.61685

lv_A1
0.81852	0.35717	0.46495	0.35604	0.35604	0.30289	0.67105	0.61685

lv_A1
0.81852	0.35717	0.46495	0.35604	0.35604	0.30289	0.67105	0.61685

lv_A1
0.81852	0.35717	0.46495	0.35604	0.35604	0.30289	0.67105	0.61685

lv_A1
0.81852	0.35717	0.46495	0.35604	0.35604	0.30289	0.67105	0.61685

lv_A1
0.81852	0.35717	0.46495	0.35604	0.35604	0.30289	0.67105	0.61685

lv_A1
0.81852	0.35717	0.46495	0.35604	0.35604	0.30289	0.67105	0.61685

lv_A1
0.81852	0.35717	0.46495	0.35604	0.35604	0.30289	0.67105	0.61685

lv_A1
0.81852	0.35717	0.46495	0.35604	0.35604	0.30289	0.67105	0.61685

lv_A1
0.81852	0.35717	0.46495	0.35604	0.35604	0.30289	0.67105	0.61685

lv_A1
0.81852	0.35717	0.46495	0.35604	0.35604	0.30289	0.67105	0.61685

lv_A1
0.81852	0.35717	0.46495	0.35604	0.35604	0.30289	0.67105	0.61685

lv_A1
0.81852	0.35717	0.46495	0.35604	0.35604	0.30289	0.67105	0.61685

lv_A1
0.81852	0.35717	0.46495	0.35604	0.35604	0.30289	0.67105	0.61685

lv_A1
0.81408	0.36268	0.47843	0.36531	0.36531	0.31444	0.68242	0.64432

lv_A1
0.81408	0.36268	0.47843	0.36531	0.36531	0.31444	0.68242	0.64432

lv_A1
0.81408	0.36268	0.47843	0.36531	0.36531	0.31444	0.68242	0.64432

lv_A1
0.81408	0.36268	0.47843	0.36531	0.36531	0.31444	0.68242	0.64432

lv_A1
0.81408	0.36268	0.47843	0.36531	0.36531	0.31444	0.68242	0.64432

lv_A1
0.81408	0.36268	0.47843	0.36531	0.36531	0.31444	0.68242	0.64432

lv_A1
0.81947	0.33948	0.44609	0.33942	0.33942	0.28708	0.65813	0.58665

lv_A1
0.81947	0.33948	0.44609	0.33942	0.33942	0.28708	0.65813	0.58665

lv_A1
0.81947	0.33948	0.44609	0.33942	0.33942	0.28708	0.65813	0.58665

lv_A1
0.81947	0.33948	0.44609	0.33942	0.33942	0.28708	0.65813	0.58665

lv_A1
0.81947	0.33948	0.44609	0.33942	0.33942	0.28708	0.65813	0.58665

lv_A1
0.81947	0.33948	0.44609	0.33942	0.33942	0.28708	0.65813	0.58665

lv_A1
0.82590	0.36631	0.46597	0.36309	0.36309	0.30375	0.66919	0.60085

lv_A1
0.82590	0.36631	0.46597	0.36309	0.36309	0.30375	0.66919	0.60085

lv_A1
0.82590	0.36631	0.46597	0.36309	0.36309	0.30375	0.66919	0.60085

lv_A1
0.82590	0.36631	0.46597	0.36309	0.36309	0.30375	0.66919	0.60085

lv_A1
0.82590	0.36631	0.46597	0.36309	0.36309	0.30375	0.66919	0.60085

lv_A1
0.82590	0.36631	0.46597	0.36309	0.36309	0.30375	0.66919	0.60085

lv_A1
0.81408	0.36268	0.47843	0.36531	0.36531	0.31444	0.68242	0.64432

lv_A1
0.81408	0.36268	0.47843	0.36531	0.36531	0.31444	0.68242	0.64432

lv_A1
0.81408	0.36268	0.47843	0.36531	0.36531	0.31444	0.68242	0.64432

lv_A1
0.81408	0.36268	0.47843	0.36531	0.36531	0.31444	0.68242	0.64432

lv_A1
0.81408	0.36268	0.47843	0.36531	0.36531	0.31444	0.68242	0.64432

lv_A1
0.81408	0.36268	0.47843	0.36531	0.36531	0.31444	0.68242	0.64432

lv_A1
0.81580	0.35499	0.46032	0.34956	0.34956	0.29897	0.66875	0.60930

lv_A1
0.81580	0.35499	0.46032	0.34956	0.34956	0.29897	0.66875	0.60930

lv_A1
0.81580	0.35499	0.46032	0.34956	0.34956	0.29897	0.66875	0.60930

lv_A1
0.81580	0.35499	0.46032	0.34956	0.34956	0.29897	0.66875	0.60930

lv_A1
0.81580	0.35499	0.46032	0.34956	0.34956	0.29897	0.66875	0.60930

lv_A1
0.81580	0.35499	0.46032	0.34956	0.34956	0.29897	0.66875	0.60930

lv_A1
0.81987	0.35769	0.46375	0.35602	0.35602	0.30187	0.66976	0.60900

lv_A1
0.81987	0.35769	0.46375	0.35602	0.35602	0.30187	0.66976	0.60900

lv_A1
0.81987	0.35769	0.46375	0.35602	0.35602	0.30187	0.66976	0.60900

lv_A1
0.81987	0.35769	0.46375	0.35602	0.35602	0.30187	0.66976	0.60900

lv_A1
0.81987	0.35769	0.46375	0.35602	0.35602	0.30187	0.66976	0.60900

lv_A1
0.81987	0.35769	0.46375	0.35602	0.35602	0.30187	0.66976	0.60900

lv_A1
0.81944	0.36152	0.46612	0.35787	0.35787	0.30388	0.67155	0.60870

lv_A1
0.81944	0.36152	0.46612	0.35787	0.35787	0.30388	0.67155	0.60870

lv_A1
0.81944	0.36152	0.46612	0.35787	0.35787	0.30388	0.67155	0.60870

lv_A1
0.81944	0.36152	0.46612	0.35787	0.35787	0.30388	0.67155	0.60870

lv_A1
0.81944	0.36152	0.46612	0.35787	0.35787	0.30388	0.67155	0.60870

lv_A1
0.81944	0.36152	0.46612	0.35787	0.35787	0.30388	0.67155	0.60870

lv_A1
0.81453	0.36383	0.47244	0.35996	0.35996	0.30928	0.67782	0.63436

lv_A1
0.81453	0.36383	0.47244	0.35996	0.35996	0.30928	0.67782	0.63436

lv_A1
0.81453	0.36383	0.47244	0.35996	0.35996	0.30928	0.67782	0.63436

lv_A1
0.81453	0.36383	0.47244	0.35996	0.35996	0.30928	0.67782	0.63436

lv_A1
0.81453	0.36383	0.47244	0.35996	0.35996	0.30928	0.67782	0.63436

lv_A1
0.81453	0.36383	0.47244	0.35996	0.35996	0.30928	0.67782	0.63436

lv_A1
0.81459	0.36534	0.47388	0.36137	0.36137	0.31051	0.67885	0.63587

lv_A1
0.81459	0.36534	0.47388	0.36137	0.36137	0.31051	0.67885	0.63587

lv_A1
0.81459	0.36534	0.47388	0.36137	0.36137	0.31051	0.67885	0.63587

lv_A1
0.81459	0.36534	0.47388	0.36137	0.36137	0.31051	0.67885	0.63587

lv_A1
0.81459	0.36534	0.47388	0.36137	0.36137	0.31051	0.67885	0.63587

lv_A1
0.81459	0.36534	0.47388	0.36137	0.36137	0.31051	0.67885	0.63587

lv_A1
0.81617	0.37090	0.47755	0.36605	0.36605	0.31367	0.68094	0.64100

lv_A1
0.81617	0.37090	0.47755	0.36605	0.36605	0.31367	0.68094	0.64100

lv_A1
0.81617	0.37090	0.47755	0.36605	0.36605	0.31367	0.68094	0.64100

lv_A1
0.81617	0.37090	0.47755	0.36605	0.36605	0.31367	0.68094	0.64100

lv_A1
0.81617	0.37090	0.47755	0.36605	0.36605	0.31367	0.68094	0.64100

lv_A1
0.81617	0.37090	0.47755	0.36605	0.36605	0.31367	0.68094	0.64100

lv_A1
0.81947	0.33948	0.44609	0.33942	0.33942	0.28708	0.65813	0.58665

lv_A1
0.81947	0.33948	0.44609	0.33942	0.33942	0.28708	0.65813	0.58665

lv_A1
0.81947	0.33948	0.44609	0.33942	0.33942	0.28708	0.65813	0.58665

lv_A1
0.81947	0.33948	0.44609	0.33942	0.33942	0.28708	0.65813	0.58665

lv_A1
0.81947	0.33948	0.44609	0.33942	0.33942	0.28708	0.65813	0.58665

lv_A1
0.81947	0.33948	0.44609	0.33942	0.33942	0.28708	0.65813	0.58665

lv_A1
0.82590	0.36631	0.46597	0.36309	0.36309	0.30375	0.66919	0.60085

lv_A1
0.82590	0.36631	0.46597	0.36309	0.36309	0.30375	0.66919	0.60085

lv_A1
0.82590	0.36631	0.46597	0.36309	0.36309	0.30375	0.66919	0.60085

lv_A1
0.82590	0.36631	0.46597	0.36309	0.36309	0.30375	0.66919	0.60085

lv_A1
0.82590	0.36631	0.46597	0.36309	0.36309	0.30375	0.66919	0.60085

lv_A1
0.82590	0.36631	0.46597	0.36309	0.36309	0.30375	0.66919	0.60085

lv_A1
0.81947	0.33948	0.44609	0.33942	0.33942	0.28708	0.65813	0.58665

lv_A1
0.81947	0.33948	0.44609	0.33942	0.33942	0.28708	0.65813	0.58665

lv_A1
0.81947	0.33948	0.44609	0.33942	0.33942	0.28708	0.65813	0.58665

lv_A1
0.81947	0.33948	0.44609	0.33942	0.33942	0.28708	0.65813	0.58665

lv_A1
0.81947	0.33948	0.44609	0.33942	0.33942	0.28708	0.65813	0.58665

lv_A1
0.81947	0.33948	0.44609	0.33942	0.33942	0.28708	0.65813	0.58665

lv_A1
0.81947	0.33948	0.44609	0.33942	0.33942	0.28708	0.65813	0.58665

lv_A1
0.81947	0.33948	0.44609	0.33942	0.33942	0.28708	0.65813	0.58665

lv_A1
0.81947	0.33948	0.44609	0.33942	0.33942	0.28708	0.65813	0.58665

lv_A1
0.81947	0.33948	0.44609	0.33942	0.33942	0.28708	0.65813	0.58665

lv_A1
0.81947	0.33948	0.44609	0.33942	0.33942	0.28708	0.65813	0.58665

lv_A1
0.82590	0.36631	0.46597	0.36309	0.36309	0.30375	0.66919	0.60085

lv_A1
0.82590	0.36631	0.46597	0.36309	0.36309	0.30375	0.66919	0.60085

lv_A1
0.82590	0.36631	0.46597	0.36309	0.36309	0.30375	0.66919	0.60085

lv_A1
0.82590	0.36631	0.46597	0.36309	0.36309	0.30375	0.66919	0.60085

lv_A1
0.82590	0.36631	0.46597	0.36309	0.36309	0.30375	0.66919	0.60085

lv_A1
0.82590	0.36631	0.46597	0.36309	0.36309	0.30375	0.66919	0.60085

lv_A1
0.82590	0.36631	0.46597	0.36309	0.36309	0.30375	0.66919	0.60085

lv_A1
0.82590	0.36631	0.46597	0.36309	0.36309	0.30375	0.66919	0.60085

lv_A1
0.82590	0.36631	0.46597	0.36309	0.36309	0.30375	0.66919	0.60085

lv_A1
0.82590	0.36631	0.46597	0.36309	0.36309	0.30375	0.66919	0.60085

lv_A1
0.82590	0.36631	0.46597	0.36309	0.36309	0.30375	0.66919	0.60085

lv_A1
0.81408	0.36268	0.47843	0.36531	0.36531	0.31444	0.68242	0.64432

lv_A1
0.81408	0.36268	0.47843	0.36531	0.36531	0.31444	0.68242	0.64432

lv_A1
0.81408	0.36268	0.47843	0.36531	0.36531	0.31444	0.68242	0.64432

lv_A1
0.81408	0.36268	0.47843	0.36531	0.36531	0.31444	0.68242	0.64432

lv_A1
0.81408	0.36268	0.47843	0.36531	0.36531	0.31444	0.68242	0.64432

lv_A1
0.81408	0.36268	0.47843	0.36531	0.36531	0.31444	0.68242	0.64432

lv_A1
0.81408	0.36268	0.47843	0.36531	0.36531	0.31444	0.68242	0.64432

lv_A1
0.81408	0.36268	0.47843	0.36531	0.36531	0.31444	0.68242	0.64432

lv_A1
0.81408	0.36268	0.47843	0.36531	0.36531	0.31444	0.68242	0.64432

lv_A1
0.81408	0.36268	0.47843	0.36531	0.36531	0.31444	0.68242	0.64432

lv_A1
0.81408	0.36268	0.47843	0.36531	0.36531	0.31444	0.68242	0.64432

lv_A1
0.81580	0.35499	0.46032	0.34956	0.34956	0.29897	0.66875	0.60930

lv_A1
0.81580	0.35499	0.46032	0.34956	0.34956	0.29897	0.66875	0.60930

lv_A1
0.81580	0.35499	0.46032	0.34956	0.34956	0.29897	0.66875	0.60930

lv_A1
0.81580	0.35499	0.46032	0.34956	0.34956	0.29897	0.66875	0.60930

lv_A1
0.81580	0.35499	0.46032	0.34956	0.34956	0.29897	0.66875	0.60930

lv_A1
0.81580	0.35499	0.46032	0.34956	0.34956	0.29897	0.66875	0.60930

lv_A1
0.81580	0.35499	0.46032	0.34956	0.34956	0.29897	0.66875	0.60930

lv_A1
0.81580	0.35499	0.46032	0.34956	0.34956	0.29897	0.66875	0.60930

lv_A1
0.81580	0.35499	0.46032	0.34956	0.34956	0.29897	0.66875	0.60930

lv_A1
0.81580	0.35499	0.46032	0.34956	0.34956	0.29897	0.66875	0.60930

lv_A1
0.81580	0.35499	0.46032	0.34956	0.34956	0.29897	0.66875	0.60930

lv_A1
0.81987	0.35769	0.46375	0.35602	0.35602	0.30187	0.66976	0.60900

lv_A1
0.81987	0.35769	0.46375	0.35602	0.35602	0.30187	0.66976	0.60900

lv_A1
0.81987	0.35769	0.46375	0.35602	0.35602	0.30187	0.66976	0.60900

lv_A1
0.81987	0.35769	0.46375	0.35602	0.35602	0.30187	0.66976	0.60900

lv_A1
0.81987	0.35769	0.46375	0.35602	0.35602	0.30187	0.66976	0.60900

lv_A1
0.81987	0.35769	0.46375	0.35602	0.35602	0.30187	0.66976	0.60900

lv_A1
0.81987	0.35769	0.46375	0.35602	0.35602	0.30187	0.66976	0.60900

lv_A1
0.81987	0.35769	0.46375	0.35602	0.35602	0.30187	0.66976	0.60900

lv_A1
0.81987	0.35769	0.46375	0.35602	0.35602	0.30187	0.66976	0.60900

lv_A1
0.81987	0.35769	0.46375	0.35602	0.35602	0.30187	0.66976	0.60900

lv_A1
0.81987	0.35769	0.46375	0.35602	0.35602	0.30187	0.66976	0.60900

lv_A1
0.81944	0.36152	0.46612	0.35787	0.35787	0.30388	0.67155	0.60870

lv_A1
0.81944	0.36152	0.46612	0.35787	0.35787	0.30388	0.67155	0.60870

lv_A1
0.81944	0.36152	0.46612	0.35787	0.35787	0.30388	0.67155	0.60870

lv_A1
0.81944	0.36152	0.46612	0.35787	0.35787	0.30388	0.67155	0.60870

lv_A1
0.81944	0.36152	0.46612	0.35787	0.35787	0.30388	0.67155	0.60870

lv_A1
0.81944	0.36152	0.46612	0.35787	0.35787	0.30388	0.67155	0.60870

lv_A1
0.81944	0.36152	0.46612	0.35787	0.35787	0.30388	0.67155	0.60870

lv_A1
0.81944	0.36152	0.46612	0.35787	0.35787	0.30388	0.67155	0.60870

lv_A1
0.81944	0.36152	0.46612	0.35787	0.35787	0.30388	0.67155	0.60870

lv_A1
0.81944	0.36152	0.46612	0.35787	0.35787	0.30388	0.67155	0.60870

lv_A1
0.81944	0.36152	0.46612	0.35787	0.35787	0.30388	0.67155	0.60870

lv_A1
0.81453	0.36383	0.47244	0.35996	0.35996	0.30928	0.67782	0.63436

lv_A1
0.81453	0.36383	0.47244	0.35996	0.35996	0.30928	0.67782	0.63436

lv_A1
0.81453	0.36383	0.47244	0.35996	0.35996	0.30928	0.67782	0.63436

lv_A1
0.81453	0.36383	0.47244	0.35996	0.35996	0.30928	0.67782	0.63436

lv_A1
0.81453	0.36383	0.47244	0.35996	0.35996	0.30928	0.67782	0.63436

lv_A1
0.81453	0.36383	0.47244	0.35996	0.35996	0.30928	0.67782	0.63436

lv_A1
0.81453	0.36383	0.47244	0.35996	0.35996	0.30928	0.67782	0.63436

lv_A1
0.81453	0.36383	0.47244	0.35996	0.35996	0.30928	0.67782	0.63436

lv_A1
0.81453	0.36383	0.47244	0.35996	0.35996	0.30928	0.67782	0.63436

lv_A1
0.81453	0.36383	0.47244	0.35996	0.35996	0.30928	0.67782	0.63436

lv_A1
0.81453	0.36383	0.47244	0.35996	0.35996	0.30928	0.67782	0.63436

lv_A1
0.81459	0.36534	0.47388	0.36137	0.36137	0.31051	0.67885	0.63587

lv_A1
0.81459	0.36534	0.47388	0.36137	0.36137	0.31051	0.67885	0.63587

lv_A1
0.81459	0.36534	0.47388	0.36137	0.36137	0.31051	0.67885	0.63587

lv_A1
0.81459	0.36534	0.47388	0.36137	0.36137	0.31051	0.67885	0.63587

lv_A1
0.81459	0.36534	0.47388	0.36137	0.36137	0.31051	0.67885	0.63587

lv_A1
0.81459	0.36534	0.47388	0.36137	0.36137	0.31051	0.67885	0.63587

lv_A1
0.81459	0.36534	0.47388	0.36137	0.36137	0.31051	0.67885	0.63587

lv_A1
0.81459	0.36534	0.47388	0.36137	0.36137	0.31051	0.67885	0.63587

lv_A1
0.81459	0.36534	0.47388	0.36137	0.36137	0.31051	0.67885	0.63587

lv_A1
0.81459	0.36534	0.47388	0.36137	0.36137	0.31051	0.67885	0.63587

lv_A1
0.81459	0.36534	0.47388	0.36137	0.36137	0.31051	0.67885	0.63587

lv_A1
0.81617	0.37090	0.47755	0.36605	0.36605	0.31367	0.68094	0.64100

lv_A1
0.81617	0.37090	0.47755	0.36605	0.36605	0.31367	0.68094	0.64100

lv_A1
0.81617	0.37090	0.47755	0.36605	0.36605	0.31367	0.68094	0.64100

lv_A1
0.81617	0.37090	0.47755	0.36605	0.36605	0.31367	0.68094	0.64100

lv_A1
0.81617	0.37090	0.47755	0.36605	0.36605	0.31367	0.68094	0.64100

lv_A1
0.81617	0.37090	0.47755	0.36605	0.36605	0.31367	0.68094	0.64100

lv_A1
0.81617	0.37090	0.47755	0.36605	0.36605	0.31367	0.68094	0.64100

lv_A1
0.81617	0.37090	0.47755	0.36605	0.36605	0.31367	0.68094	0.64100

lv_A1
0.81617	0.37090	0.47755	0.36605	0.36605	0.31367	0.68094	0.64100

lv_A1
0.81617	0.37090	0.47755	0.36605	0.36605	0.31367	0.68094	0.64100

lv_A1
0.81617	0.37090	0.47755	0.36605	0.36605	0.31367	0.68094	0.64100

lv_A1
0.81947	0.33948	0.44609	0.33942	0.33942	0.28708	0.65813	0.58665

lv_A1
0.82590	0.36631	0.46597	0.36309	0.36309	0.30375	0.66919	0.60085

lv_A1
0.81408	0.36268	0.47843	0.36531	0.36531	0.31444	0.68242	0.64432

lv_A1
0.81580	0.35499	0.46032	0.34956	0.34956	0.29897	0.66875	0.60930

lv_A1
0.81987	0.35769	0.46375	0.35602	0.35602	0.30187	0.66976	0.60900

lv_A1
0.81944	0.36152	0.46612	0.35787	0.35787	0.30388	0.67155	0.60870

lv_A1
0.81453	0.36383	0.47244	0.35996	0.35996	0.30928	0.67782	0.63436

lv_A1
0.81459	0.36534	0.47388	0.36137	0.36137	0.31051	0.67885	0.63587

lv_A1
0.81617	0.37090	0.47755	0.36605	0.36605	0.31367	0.68094	0.64100

lv_A1
0.81535	0.33325	0.44300	0.33312	0.33312	0.28452	0.65724	0.58514

lv_A1
0.81535	0.33325	0.44300	0.33312	0.33312	0.28452	0.65724	0.58514

lv_A1
0.81535	0.33325	0.44300	0.33312	0.33312	0.28452	0.65724	0.58514

lv_A1
0.81535	0.33325	0.44300	0.33312	0.33312	0.28452	0.65724	0.58514

lv_A1
0.81535	0.33325	0.44300	0.33312	0.33312	0.28452	0.65724	0.58514

lv_A1
0.81535	0.33325	0.44300	0.33312	0.33312	0.28452	0.65724	0.58514

lv_A1
0.81535	0.33325	0.44300	0.33312	0.33312	0.28452	0.65724	0.58514

lv_A1
0.81408	0.36268	0.47843	0.36531	0.36531	0.31444	0.68242	0.64432

lv_A1
0.81530	0.35094	0.46182	0.35055	0.35056	0.30023	0.66995	0.60809

lv_A1
0.81280	0.35473	0.46468	0.35131	0.35131	0.30266	0.67282	0.62289

lv_A1
0.80486	0.33364	0.44458	0.32625	0.32625	0.28582	0.66108	0.61171

lv_A1
0.80774	0.34636	0.45252	0.33596	0.33596	0.29242	0.66581	0.61383

lv_A1
0.81535	0.33325	0.44300	0.33312	0.33312	0.28452	0.65724	0.58514

lv_A1
0.81535	0.33325	0.44300	0.33312	0.33312	0.28452	0.65724	0.58514

lv_A1
0.81535	0.33325	0.44300	0.33312	0.33312	0.28452	0.65724	0.58514

lv_A1
0.81535	0.33325	0.44300	0.33312	0.33312	0.28452	0.65724	0.58514

lv_A1
0.81535	0.33325	0.44300	0.33312	0.33312	0.28452	0.65724	0.58514

lv_A1
0.81535	0.33325	0.44300	0.33312	0.33312	0.28452	0.65724	0.58514

lv_A1
0.81408	0.36268	0.47843	0.36531	0.36531	0.31444	0.68242	0.64432

lv_A1
0.81408	0.36268	0.47843	0.36531	0.36531	0.31444	0.68242	0.64432

lv_A1
0.81408	0.36268	0.47843	0.36531	0.36531	0.31444	0.68242	0.64432

lv_A1
0.81408	0.36268	0.47843	0.36531	0.36531	0.31444	0.68242	0.64432

lv_A1
0.81408	0.36268	0.47843	0.36531	0.36531	0.31444	0.68242	0.64432

lv_A1
0.81408	0.36268	0.47843	0.36531	0.36531	0.31444	0.68242	0.64432

lv_A1
0.81530	0.35094	0.46182	0.35055	0.35056	0.30023	0.66995	0.60809

lv_A1
0.81530	0.35094	0.46182	0.35055	0.35056	0.30023	0.66995	0.60809

lv_A1
0.81530	0.35094	0.46182	0.35055	0.35056	0.30023	0.66995	0.60809

lv_A1
0.81530	0.35094	0.46182	0.35055	0.35056	0.30023	0.66995	0.60809

lv_A1
0.81530	0.35094	0.46182	0.35055	0.35056	0.30023	0.66995	0.60809

lv_A1
0.81530	0.35094	0.46182	0.35055	0.35056	0.30023	0.66995	0.60809

lv_A1
0.81280	0.35473	0.46468	0.35131	0.35131	0.30266	0.67282	0.62289

lv_A1
0.81280	0.35473	0.46468	0.35131	0.35131	0.30266	0.67282	0.62289

lv_A1
0.81280	0.35473	0.46468	0.35131	0.35131	0.30266	0.67282	0.62289

lv_A1
0.81280	0.35473	0.46468	0.35131	0.35131	0.30266	0.67282	0.62289

lv_A1
0.81280	0.35473	0.46468	0.35131	0.35131	0.30266	0.67282	0.62289

lv_A1
0.81280	0.35473	0.46468	0.35131	0.35131	0.30266	0.67282	0.62289

lv_A1
0.80486	0.33364	0.44458	0.32625	0.32625	0.28582	0.66108	0.61171

lv_A1
0.80486	0.33364	0.44458	0.32625	0.32625	0.28582	0.66108	0.61171

lv_A1
0.80486	0.33364	0.44458	0.32625	0.32625	0.28582	0.66108	0.61171

lv_A1
0.80486	0.33364	0.44458	0.32625	0.32625	0.28582	0.66108	0.61171

lv_A1
0.80486	0.33364	0.44458	0.32625	0.32625	0.28582	0.66108	0.61171

lv_A1
0.80486	0.33364	0.44458	0.32625	0.32625	0.28582	0.66108	0.61171

lv_A1
0.80774	0.34636	0.45252	0.33596	0.33596	0.29242	0.66581	0.61383

lv_A1
0.80774	0.34636	0.45252	0.33596	0.33596	0.29242	0.66581	0.61383

lv_A1
0.80774	0.34636	0.45252	0.33596	0.33596	0.29242	0.66581	0.61383

lv_A1
0.80774	0.34636	0.45252	0.33596	0.33596	0.29242	0.66581	0.61383

lv_A1
0.80774	0.34636	0.45252	0.33596	0.33596	0.29242	0.66581	0.61383

lv_A1
0.80774	0.34636	0.45252	0.33596	0.33596	0.29242	0.66581	0.61383

lv_A1
0.81525	0.35887	0.47140	0.35952	0.35952	0.30838	0.67679	0.63527

lv_A1
0.81525	0.35887	0.47140	0.35952	0.35952	0.30838	0.67679	0.63527

lv_A1
0.81525	0.35887	0.47140	0.35952	0.35952	0.30838	0.67679	0.63527

lv_A1
0.81525	0.35887	0.47140	0.35952	0.35952	0.30838	0.67679	0.63527

lv_A1
0.81525	0.35887	0.47140	0.35952	0.35952	0.30838	0.67679	0.63527

lv_A1
0.81849	0.32211	0.39717	0.29464	0.29465	0.24780	0.62926	0.50966

lv_A1
0.81849	0.32211	0.39717	0.29464	0.29465	0.24780	0.62926	0.50966

lv_A1
0.81849	0.32211	0.39717	0.29464	0.29465	0.24780	0.62926	0.50966

lv_A1
0.81849	0.32211	0.39717	0.29464	0.29465	0.24780	0.62926	0.50966

lv_A1
0.81726	0.32802	0.40038	0.29631	0.29631	0.25030	0.63117	0.51570

lv_A1
0.81726	0.32802	0.40038	0.29631	0.29631	0.25030	0.63117	0.51570

lv_A1
0.81726	0.32802	0.40038	0.29631	0.29631	0.25030	0.63117	0.51570

lv_A1
0.81726	0.32802	0.40038	0.29631	0.29631	0.25030	0.63117	0.51570

lv_A1
0.82276	0.31292	0.38288	0.28647	0.28648	0.23677	0.62131	0.48762

lv_A1
0.82276	0.31292	0.38288	0.28647	0.28648	0.23677	0.62131	0.48762

lv_A1
0.82276	0.31292	0.38288	0.28647	0.28648	0.23677	0.62131	0.48762

lv_A1
0.82276	0.31292	0.38288	0.28647	0.28648	0.23677	0.62131	0.48762

lv_A1
0.81852	0.35717	0.46495	0.35604	0.35604	0.30289	0.67105	0.61685

lv_A1
0.82198	0.34765	0.44084	0.33682	0.33683	0.28274	0.65413	0.56703

lv_A1
0.82198	0.34765	0.44084	0.33682	0.33683	0.28274	0.65413	0.56703

lv_A1
0.82198	0.34765	0.44084	0.33682	0.33683	0.28274	0.65413	0.56703

lv_A1
0.82198	0.34765	0.44084	0.33682	0.33683	0.28274	0.65413	0.56703

lv_A1
0.82198	0.34765	0.44084	0.33682	0.33683	0.28274	0.65413	0.56703

lv_A1
0.82198	0.34765	0.44084	0.33682	0.33683	0.28274	0.65413	0.56703

lv_A1
0.82198	0.34765	0.44084	0.33682	0.33683	0.28274	0.65413	0.56703

lv_A1
0.82198	0.34765	0.44084	0.33682	0.33683	0.28274	0.65413	0.56703

lv_A1
0.82198	0.34765	0.44084	0.33682	0.33683	0.28274	0.65413	0.56703

lv_A1
0.82198	0.34765	0.44084	0.33682	0.33683	0.28274	0.65413	0.56703

lv_A1
0.82198	0.34765	0.44084	0.33682	0.33683	0.28274	0.65413	0.56703

lv_A1
0.81783	0.35513	0.46507	0.35560	0.35560	0.30299	0.67137	0.61715

lv_A1
0.81783	0.35513	0.46507	0.35560	0.35560	0.30299	0.67137	0.61715

lv_A1
0.81783	0.35513	0.46507	0.35560	0.35560	0.30299	0.67137	0.61715

lv_A1
0.81783	0.35513	0.46507	0.35560	0.35560	0.30299	0.67137	0.61715

lv_A1
0.81783	0.35513	0.46507	0.35560	0.35560	0.30299	0.67137	0.61715

lv_A1
0.81783	0.35513	0.46507	0.35560	0.35560	0.30299	0.67137	0.61715

lv_A1
0.81783	0.35513	0.46507	0.35560	0.35560	0.30299	0.67137	0.61715

lv_A1
0.81783	0.35513	0.46507	0.35560	0.35560	0.30299	0.67137	0.61715

lv_A1
0.81783	0.35513	0.46507	0.35560	0.35560	0.30299	0.67137	0.61715

lv_A1
0.81783	0.35513	0.46507	0.35560	0.35560	0.30299	0.67137	0.61715

lv_A1
0.81783	0.35513	0.46507	0.35560	0.35560	0.30299	0.67137	0.61715

lv_A1
0.81852	0.35717	0.46495	0.35604	0.35604	0.30289	0.67105	0.61685

lv_A1
0.81852	0.35717	0.46495	0.35604	0.35604	0.30289	0.67105	0.61685

lv_A1
0.81852	0.35717	0.46495	0.35604	0.35604	0.30289	0.67105	0.61685

lv_A1
0.81852	0.35717	0.46495	0.35604	0.35604	0.30289	0.67105	0.61685

lv_A1
0.81852	0.35717	0.46495	0.35604	0.35604	0.30289	0.67105	0.61685

lv_A1
0.81852	0.35717	0.46495	0.35604	0.35604	0.30289	0.67105	0.61685

lv_A1
0.81852	0.35717	0.46495	0.35604	0.35604	0.30289	0.67105	0.61685

lv_A1
0.81852	0.35717	0.46495	0.35604	0.35604	0.30289	0.67105	0.61685

lv_A1
0.81852	0.35717	0.46495	0.35604	0.35604	0.30289	0.67105	0.61685

lv_A1
0.81852	0.35717	0.46495	0.35604	0.35604	0.30289	0.67105	0.61685

lv_A1
0.81852	0.35717	0.46495	0.35604	0.35604	0.30289	0.67105	0.61685

lv_A1
0.81763	0.35841	0.46149	0.35211	0.35211	0.29996	0.66896	0.60870

lv_A1
0.81763	0.35841	0.46149	0.35211	0.35211	0.29996	0.66896	0.60870

lv_A1
0.81763	0.35841	0.46149	0.35211	0.35211	0.29996	0.66896	0.60870

lv_A1
0.81763	0.35841	0.46149	0.35211	0.35211	0.29996	0.66896	0.60870

lv_A1
0.81763	0.35841	0.46149	0.35211	0.35211	0.29996	0.66896	0.60870

lv_A1
0.81763	0.35841	0.46149	0.35211	0.35211	0.29996	0.66896	0.60870

lv_A1
0.81763	0.35841	0.46149	0.35211	0.35211	0.29996	0.66896	0.60870

lv_A1
0.81763	0.35841	0.46149	0.35211	0.35211	0.29996	0.66896	0.60870

lv_A1
0.81763	0.35841	0.46149	0.35211	0.35211	0.29996	0.66896	0.60870

lv_A1
0.81763	0.35841	0.46149	0.35211	0.35211	0.29996	0.66896	0.60870

lv_A1
0.81763	0.35841	0.46149	0.35211	0.35211	0.29996	0.66896	0.60870

lv_A1
0.81805	0.35531	0.45889	0.35003	0.35003	0.29776	0.66703	0.60719

lv_A1
0.81805	0.35531	0.45889	0.35003	0.35003	0.29776	0.66703	0.60719

lv_A1
0.81805	0.35531	0.45889	0.35003	0.35003	0.29776	0.66703	0.60719

lv_A1
0.81805	0.35531	0.45889	0.35003	0.35003	0.29776	0.66703	0.60719

lv_A1
0.81805	0.35531	0.45889	0.35003	0.35003	0.29776	0.66703	0.60719

lv_A1
0.81805	0.35531	0.45889	0.35003	0.35003	0.29776	0.66703	0.60719

lv_A1
0.81805	0.35531	0.45889	0.35003	0.35003	0.29776	0.66703	0.60719

lv_A1
0.81805	0.35531	0.45889	0.35003	0.35003	0.29776	0.66703	0.60719

lv_A1
0.81805	0.35531	0.45889	0.35003	0.35003	0.29776	0.66703	0.60719

lv_A1
0.81805	0.35531	0.45889	0.35003	0.35003	0.29776	0.66703	0.60719

lv_A1
0.81805	0.35531	0.45889	0.35003	0.35003	0.29776	0.66703	0.60719

lv_A1
0.81969	0.36167	0.46848	0.36027	0.36027	0.30590	0.67311	0.61534

lv_A1
0.81969	0.36167	0.46848	0.36027	0.36027	0.30590	0.67311	0.61534

lv_A1
0.81969	0.36167	0.46848	0.36027	0.36027	0.30590	0.67311	0.61534

lv_A1
0.81969	0.36167	0.46848	0.36027	0.36027	0.30590	0.67311	0.61534

lv_A1
0.81969	0.36167	0.46848	0.36027	0.36027	0.30590	0.67311	0.61534

lv_A1
0.81969	0.36167	0.46848	0.36027	0.36027	0.30590	0.67311	0.61534

lv_A1
0.81969	0.36167	0.46848	0.36027	0.36027	0.30590	0.67311	0.61534

lv_A1
0.81969	0.36167	0.46848	0.36027	0.36027	0.30590	0.67311	0.61534

lv_A1
0.81969	0.36167	0.46848	0.36027	0.36027	0.30590	0.67311	0.61534

lv_A1
0.81969	0.36167	0.46848	0.36027	0.36027	0.30590	0.67311	0.61534

lv_A1
0.81969	0.36167	0.46848	0.36027	0.36027	0.30590	0.67311	0.61534

lv_A1
0.81673	0.30814	0.37882	0.27684	0.27685	0.23367	0.61961	0.50000

lv_A1
0.82044	0.30989	0.37967	0.28132	0.28132	0.23431	0.61982	0.49517

lv_A1
0.81970	0.29390	0.32645	0.23552	0.23554	0.19507	0.59470	0.43267

lv_A1
0.81852	0.35717	0.46495	0.35604	0.35604	0.30289	0.67105	0.61685

lv_A1
0.81852	0.35717	0.46495	0.35604	0.35604	0.30289	0.67105	0.61685

lv_A1
0.81852	0.35717	0.46495	0.35604	0.35604	0.30289	0.67105	0.61685

lv_A1
0.81852	0.35717	0.46495	0.35604	0.35604	0.30289	0.67105	0.61685

lv_A1
0.81852	0.35717	0.46495	0.35604	0.35604	0.30289	0.67105	0.61685

