AHCKA
0.82461	0.42912	0.41866	0.31966	0.31967	0.26475	0.64004	0.58863

AHCKA
0.82461	0.42912	0.41866	0.31966	0.31967	0.26475	0.64004	0.58863

AHCKA
0.83088	0.42634	0.40334	0.31275	0.31278	0.25261	0.63079	0.53840

AHCKA
0.82461	0.42912	0.41866	0.31966	0.31967	0.26475	0.64004	0.58863

AHCKA
0.82473	0.42950	0.41906	0.32013	0.32014	0.26507	0.64024	0.58900

AHCKA
0.82743	0.43177	0.43112	0.33334	0.33335	0.27479	0.64663	0.60931

AHCKA
0.82687	0.42046	0.40236	0.30774	0.30776	0.25184	0.63078	0.54690

AHCKA
0.82687	0.42046	0.40236	0.30774	0.30776	0.25184	0.63078	0.54690

AHCKA
0.82687	0.42046	0.40236	0.30774	0.30776	0.25184	0.63078	0.54690

AHCKA
0.82687	0.42046	0.40236	0.30774	0.30776	0.25184	0.63078	0.54690

AHCKA
0.82687	0.42046	0.40236	0.30774	0.30776	0.25184	0.63078	0.54690

AHCKA
0.82687	0.42046	0.40236	0.30774	0.30776	0.25184	0.63078	0.54690

AHCKA
0.82687	0.42046	0.40236	0.30774	0.30776	0.25184	0.63078	0.54690

AHCKA
0.82687	0.42046	0.40236	0.30774	0.30776	0.25184	0.63078	0.54690

AHCKA
0.82687	0.42046	0.40236	0.30774	0.30776	0.25184	0.63078	0.54690

AHCKA
0.82687	0.42046	0.40236	0.30774	0.30776	0.25184	0.63078	0.54690

AHCKA
0.82687	0.42046	0.40236	0.30774	0.30776	0.25184	0.63078	0.54690

AHCKA
0.82687	0.42046	0.40236	0.30774	0.30776	0.25184	0.63078	0.54690

AHCKA
0.82687	0.42046	0.40236	0.30774	0.30776	0.25184	0.63078	0.54690

AHCKA
0.82687	0.42046	0.40236	0.30774	0.30776	0.25184	0.63078	0.54690

AHCKA
0.82687	0.42046	0.40236	0.30774	0.30776	0.25184	0.63078	0.54690

AHCKA
0.82687	0.42046	0.40236	0.30774	0.30776	0.25184	0.63078	0.54690

AHCKA
0.82687	0.42046	0.40236	0.30774	0.30776	0.25184	0.63078	0.54690

AHCKA
0.82687	0.42046	0.40236	0.30774	0.30776	0.25184	0.63078	0.54690

AHCKA
0.81415	0.40735	0.42637	0.31698	0.31698	0.27095	0.64656	0.60155

AHCKA
0.81415	0.40735	0.42637	0.31698	0.31698	0.27095	0.64656	0.60155

AHCKA
0.81415	0.40735	0.42637	0.31698	0.31698	0.27095	0.64656	0.60155

AHCKA
0.81415	0.40735	0.42637	0.31698	0.31698	0.27095	0.64656	0.60155

AHCKA
0.81415	0.40735	0.42637	0.31698	0.31698	0.27095	0.64656	0.60155

AHCKA
0.81415	0.40735	0.42637	0.31698	0.31698	0.27095	0.64656	0.60155

AHCKA
0.82636	0.42852	0.47658	0.37330	0.37331	0.31284	0.67575	0.64586

AHCKA
0.82636	0.42852	0.47658	0.37330	0.37331	0.31284	0.67575	0.64586

AHCKA
0.82636	0.42852	0.47658	0.37330	0.37331	0.31284	0.67575	0.64586

AHCKA
0.82636	0.42852	0.47658	0.37330	0.37331	0.31284	0.67575	0.64586

AHCKA
0.82636	0.42852	0.47658	0.37330	0.37331	0.31284	0.67575	0.64586

AHCKA
0.82636	0.42852	0.47658	0.37330	0.37331	0.31284	0.67575	0.64586

AHCKA
0.82636	0.42852	0.47658	0.37330	0.37331	0.31284	0.67575	0.64586

AHCKA
0.82636	0.42852	0.47658	0.37330	0.37331	0.31284	0.67575	0.64586

AHCKA
0.82636	0.42852	0.47658	0.37330	0.37331	0.31284	0.67575	0.64586

AHCKA
0.82636	0.42852	0.47658	0.37330	0.37331	0.31284	0.67575	0.64586

AHCKA
0.82636	0.42852	0.47658	0.37330	0.37331	0.31284	0.67575	0.64586

AHCKA
0.82636	0.42852	0.47658	0.37330	0.37331	0.31284	0.67575	0.64586

AHCKA
0.82636	0.42852	0.47658	0.37330	0.37331	0.31284	0.67575	0.64586

AHCKA
0.82636	0.42852	0.47658	0.37330	0.37331	0.31284	0.67575	0.64586

AHCKA
0.82636	0.42852	0.47658	0.37330	0.37331	0.31284	0.67575	0.64586

AHCKA
0.82636	0.42852	0.47658	0.37330	0.37331	0.31284	0.67575	0.64586

AHCKA
0.82636	0.42852	0.47658	0.37330	0.37331	0.31284	0.67575	0.64586

AHCKA
0.82636	0.42852	0.47658	0.37330	0.37331	0.31284	0.67575	0.64586

AHCKA
0.82636	0.42852	0.47658	0.37330	0.37331	0.31284	0.67575	0.64586

AHCKA
0.82636	0.42852	0.47658	0.37330	0.37331	0.31284	0.67575	0.64586

AHCKA
0.82636	0.42852	0.47658	0.37330	0.37331	0.31284	0.67575	0.64586

AHCKA
0.82636	0.42852	0.47658	0.37330	0.37331	0.31284	0.67575	0.64586

AHCKA
0.82636	0.42852	0.47658	0.37330	0.37331	0.31284	0.67575	0.64586

AHCKA
0.82636	0.42852	0.47658	0.37330	0.37331	0.31284	0.67575	0.64586

AHCKA
0.82636	0.42852	0.47658	0.37330	0.37331	0.31284	0.67575	0.64586

AHCKA
0.82636	0.42852	0.47658	0.37330	0.37331	0.31284	0.67575	0.64586

AHCKA
0.82636	0.42852	0.47658	0.37330	0.37331	0.31284	0.67575	0.64586

AHCKA
0.82636	0.42852	0.47658	0.37330	0.37331	0.31284	0.67575	0.64586

AHCKA
0.82636	0.42852	0.47658	0.37330	0.37331	0.31284	0.67575	0.64586

AHCKA
0.82636	0.42852	0.47658	0.37330	0.37331	0.31284	0.67575	0.64586

AHCKA
0.82687	0.42046	0.40236	0.30774	0.30776	0.25184	0.63078	0.54690

AHCKA
0.82687	0.42046	0.40236	0.30774	0.30776	0.25184	0.63078	0.54690

AHCKA
0.82687	0.42046	0.40236	0.30774	0.30776	0.25184	0.63078	0.54690

AHCKA
0.82687	0.42046	0.40236	0.30774	0.30776	0.25184	0.63078	0.54690

AHCKA
0.82687	0.42046	0.40236	0.30774	0.30776	0.25184	0.63078	0.54690

AHCKA
0.82687	0.42046	0.40236	0.30774	0.30776	0.25184	0.63078	0.54690

AHCKA
0.82687	0.42046	0.40236	0.30774	0.30776	0.25184	0.63078	0.54690

AHCKA
0.82687	0.42046	0.40236	0.30774	0.30776	0.25184	0.63078	0.54690

AHCKA
0.82687	0.42046	0.40236	0.30774	0.30776	0.25184	0.63078	0.54690

AHCKA
0.82687	0.42046	0.40236	0.30774	0.30776	0.25184	0.63078	0.54690

AHCKA
0.82687	0.42046	0.40236	0.30774	0.30776	0.25184	0.63078	0.54690

AHCKA
0.82687	0.42046	0.40236	0.30774	0.30776	0.25184	0.63078	0.54690

AHCKA
0.82687	0.42046	0.40236	0.30774	0.30776	0.25184	0.63078	0.54690

AHCKA
0.82687	0.42046	0.40236	0.30774	0.30776	0.25184	0.63078	0.54690

AHCKA
0.82687	0.42046	0.40236	0.30774	0.30776	0.25184	0.63078	0.54690

AHCKA
0.82687	0.42046	0.40236	0.30774	0.30776	0.25184	0.63078	0.54690

AHCKA
0.82687	0.42046	0.40236	0.30774	0.30776	0.25184	0.63078	0.54690

AHCKA
0.82687	0.42046	0.40236	0.30774	0.30776	0.25184	0.63078	0.54690

AHCKA
0.82687	0.42046	0.40236	0.30774	0.30776	0.25184	0.63078	0.54690

AHCKA
0.82687	0.42046	0.40236	0.30774	0.30776	0.25184	0.63078	0.54690

AHCKA
0.82687	0.42046	0.40236	0.30774	0.30776	0.25184	0.63078	0.54690

AHCKA
0.82916	0.43102	0.43320	0.33684	0.33684	0.27649	0.64745	0.59527

AHCKA
0.82916	0.43102	0.43320	0.33684	0.33684	0.27649	0.64745	0.59527

AHCKA
0.82916	0.43102	0.43320	0.33684	0.33684	0.27649	0.64745	0.59527

AHCKA
0.82916	0.43102	0.43320	0.33684	0.33684	0.27649	0.64745	0.59527

AHCKA
0.82916	0.43102	0.43320	0.33684	0.33684	0.27649	0.64745	0.59527

AHCKA
0.82916	0.43102	0.43320	0.33684	0.33684	0.27649	0.64745	0.59527

AHCKA
0.82687	0.42046	0.40236	0.30774	0.30776	0.25184	0.63078	0.54690

