GNMF
0.62402	0.01605	0.22044	-0.00623	-0.00623	0.12387	0.49604	0.25923

GNMF
0.65252	0.05461	0.23993	0.02811	0.02811	0.13632	0.51708	0.30798

GNMF
0.67865	0.21022	0.26782	0.07073	0.07074	0.15462	0.54157	0.44276

GNMF
0.62402	0.01605	0.22044	-0.00623	-0.00623	0.12387	0.49604	0.25923

GNMF
0.65252	0.05461	0.23993	0.02811	0.02811	0.13632	0.51708	0.30798

GNMF
0.67865	0.21022	0.26782	0.07073	0.07074	0.15462	0.54157	0.44276

GNMF
0.62402	0.01605	0.22044	-0.00623	-0.00623	0.12387	0.49604	0.25923

GNMF
0.65252	0.05461	0.23993	0.02811	0.02811	0.13632	0.51708	0.30798

GNMF
0.67865	0.21022	0.26782	0.07073	0.07074	0.15462	0.54157	0.44276

GNMF
0.62402	0.01605	0.22044	-0.00623	-0.00623	0.12387	0.49604	0.25923

GNMF
0.65252	0.05461	0.23993	0.02811	0.02811	0.13632	0.51708	0.30798

GNMF
0.67865	0.21022	0.26782	0.07073	0.07074	0.15462	0.54157	0.44276

GNMF
0.67865	0.21022	0.26782	0.07073	0.07074	0.15462	0.54157	0.44276

GNMF
0.67865	0.21022	0.26782	0.07073	0.07074	0.15462	0.54157	0.44276

GNMF
0.67865	0.21022	0.26782	0.07073	0.07074	0.15462	0.54157	0.44276

GNMF
0.65252	0.05461	0.23993	0.02811	0.02811	0.13632	0.51708	0.30798

GNMF
0.65252	0.05461	0.23993	0.02811	0.02811	0.13632	0.51708	0.30798

GNMF
0.65252	0.05461	0.23993	0.02811	0.02811	0.13632	0.51708	0.30798

GNMF
0.62402	0.01605	0.22044	-0.00623	-0.00623	0.12387	0.49604	0.25923

GNMF
0.62402	0.01605	0.22044	-0.00623	-0.00623	0.12387	0.49604	0.25923

GNMF
0.62402	0.01605	0.22044	-0.00623	-0.00623	0.12387	0.49604	0.25923

GNMF
0.64622	0.01691	0.20699	-0.00951	-0.00951	0.11544	0.49434	0.26256

GNMF
0.71574	0.10630	0.21733	0.04370	0.04370	0.12191	0.52207	0.31278

GNMF
0.70397	0.18800	0.27182	0.08927	0.08928	0.15728	0.54931	0.42504

GNMF
0.64622	0.01691	0.20699	-0.00951	-0.00951	0.11544	0.49434	0.26256

GNMF
0.71574	0.10630	0.21733	0.04370	0.04370	0.12191	0.52207	0.31278

GNMF
0.70397	0.18800	0.27182	0.08927	0.08928	0.15728	0.54931	0.42504

GNMF
0.64622	0.01691	0.20699	-0.00951	-0.00951	0.11544	0.49434	0.26256

GNMF
0.71574	0.10630	0.21733	0.04370	0.04370	0.12191	0.52207	0.31278

GNMF
0.70397	0.18800	0.27182	0.08927	0.08928	0.15728	0.54931	0.42504

GNMF
0.64622	0.01691	0.20699	-0.00951	-0.00951	0.11544	0.49434	0.26256

GNMF
0.71574	0.10630	0.21733	0.04370	0.04370	0.12191	0.52207	0.31278

GNMF
0.70397	0.18800	0.27182	0.08927	0.08928	0.15728	0.54931	0.42504

GNMF
0.64622	0.01691	0.20699	-0.00951	-0.00951	0.11544	0.49434	0.26256

GNMF
0.71574	0.10630	0.21733	0.04370	0.04370	0.12191	0.52207	0.31278

GNMF
0.70397	0.18800	0.27182	0.08927	0.08928	0.15728	0.54931	0.42504

