GRACE
0.80599	0.34423	0.32503	0.21974	0.21976	0.19405	0.59285	0.44535

GRACE
0.80599	0.34423	0.32503	0.21974	0.21976	0.19405	0.59285	0.44535

GRACE
0.80599	0.34423	0.32503	0.21974	0.21976	0.19405	0.59285	0.44535

GRACE
0.80599	0.34423	0.32503	0.21974	0.21976	0.19405	0.59285	0.44535

GRACE
0.80599	0.34423	0.32503	0.21974	0.21976	0.19405	0.59285	0.44535

GRACE
0.80599	0.34423	0.32503	0.21974	0.21976	0.19405	0.59285	0.44535

GRACE
0.80599	0.34423	0.32503	0.21974	0.21976	0.19405	0.59285	0.44535

GRACE
0.80599	0.34423	0.32503	0.21974	0.21976	0.19405	0.59285	0.44535

GRACE
0.80599	0.34423	0.32503	0.21974	0.21976	0.19405	0.59285	0.44535

GRACE
0.80420	0.35241	0.35303	0.24227	0.24228	0.21435	0.60638	0.49372

GRACE
0.80420	0.35241	0.35303	0.24227	0.24228	0.21435	0.60638	0.49372

GRACE
0.80420	0.35241	0.35303	0.24227	0.24228	0.21435	0.60638	0.49372

GRACE
0.80420	0.35241	0.35303	0.24227	0.24228	0.21435	0.60638	0.49372

GRACE
0.80420	0.35241	0.35303	0.24227	0.24228	0.21435	0.60638	0.49372

