JNMF
0.77899	0.20923	0.25920	0.13547	0.13548	0.14890	0.55885	0.38294

JNMF
0.77899	0.20923	0.25920	0.13547	0.13548	0.14890	0.55885	0.38294

JNMF
0.77899	0.20923	0.25920	0.13547	0.13548	0.14890	0.55885	0.38294

JNMF
0.77899	0.20923	0.25920	0.13547	0.13548	0.14890	0.55885	0.38294

JNMF
0.77899	0.20923	0.25920	0.13547	0.13548	0.14890	0.55885	0.38294

JNMF
0.77899	0.20923	0.25920	0.13547	0.13548	0.14890	0.55885	0.38294

JNMF
0.77899	0.20923	0.25920	0.13547	0.13548	0.14890	0.55885	0.38294

JNMF
0.77899	0.20923	0.25920	0.13547	0.13548	0.14890	0.55885	0.38294

JNMF
0.77899	0.20923	0.25920	0.13547	0.13548	0.14890	0.55885	0.38294

JNMF
0.77613	0.20394	0.27044	0.14262	0.14263	0.15637	0.56328	0.41359

JNMF
0.77613	0.20394	0.27044	0.14262	0.14263	0.15637	0.56328	0.41359

JNMF
0.77613	0.20394	0.27044	0.14262	0.14263	0.15637	0.56328	0.41359

JNMF
0.77613	0.20394	0.27044	0.14262	0.14263	0.15637	0.56328	0.41359

JNMF
0.77613	0.20394	0.27044	0.14262	0.14263	0.15637	0.56328	0.41359

