lv_A1
0.83065	0.44763	0.49671	0.39541	0.39543	0.33041	0.68821	0.65473

lv_A1
0.82986	0.44578	0.49503	0.39321	0.39323	0.32893	0.68736	0.65325

lv_A1
0.82938	0.44498	0.49436	0.39221	0.39222	0.32834	0.68709	0.65288

lv_A1
0.82514	0.43830	0.48691	0.38186	0.38187	0.32180	0.68355	0.65103

lv_A1
0.82514	0.43830	0.48691	0.38186	0.38187	0.32180	0.68355	0.65103

lv_A1
0.82514	0.43830	0.48691	0.38186	0.38187	0.32180	0.68355	0.65103

lv_A1
0.82514	0.43830	0.48691	0.38186	0.38187	0.32180	0.68355	0.65103

lv_A1
0.82398	0.39036	0.37210	0.27886	0.27889	0.22857	0.61567	0.50812

lv_A1
0.82514	0.43830	0.48691	0.38186	0.38187	0.32180	0.68355	0.65103

lv_A1
0.82514	0.43830	0.48691	0.38186	0.38187	0.32180	0.68355	0.65103

lv_A1
0.82514	0.43830	0.48691	0.38186	0.38187	0.32180	0.68355	0.65103

lv_A1
0.82912	0.44049	0.49022	0.38816	0.38818	0.32470	0.68422	0.64734

lv_A1
0.82912	0.44049	0.49022	0.38816	0.38818	0.32470	0.68422	0.64734

lv_A1
0.82912	0.44049	0.49022	0.38816	0.38818	0.32470	0.68422	0.64734

lv_A1
0.82912	0.44049	0.49022	0.38816	0.38818	0.32470	0.68422	0.64734

lv_A1
0.82912	0.44049	0.49022	0.38816	0.38818	0.32470	0.68422	0.64734

lv_A1
0.82912	0.44049	0.49022	0.38816	0.38818	0.32470	0.68422	0.64734

lv_A1
0.82514	0.43830	0.48691	0.38186	0.38187	0.32180	0.68355	0.65103

lv_A1
0.82514	0.43830	0.48691	0.38186	0.38187	0.32180	0.68355	0.65103

lv_A1
0.82514	0.43830	0.48691	0.38186	0.38187	0.32180	0.68355	0.65103

lv_A1
0.82514	0.43830	0.48691	0.38186	0.38187	0.32180	0.68355	0.65103

lv_A1
0.82514	0.43830	0.48691	0.38186	0.38187	0.32180	0.68355	0.65103

lv_A1
0.82514	0.43830	0.48691	0.38186	0.38187	0.32180	0.68355	0.65103

lv_A1
0.83065	0.44763	0.49671	0.39541	0.39543	0.33041	0.68821	0.65473

lv_A1
0.83065	0.44763	0.49671	0.39541	0.39543	0.33041	0.68821	0.65473

lv_A1
0.83065	0.44763	0.49671	0.39541	0.39543	0.33041	0.68821	0.65473

lv_A1
0.83065	0.44763	0.49671	0.39541	0.39543	0.33041	0.68821	0.65473

lv_A1
0.83065	0.44763	0.49671	0.39541	0.39543	0.33041	0.68821	0.65473

lv_A1
0.83065	0.44763	0.49671	0.39541	0.39543	0.33041	0.68821	0.65473

lv_A1
0.83054	0.44542	0.49446	0.39325	0.39326	0.32843	0.68664	0.65103

lv_A1
0.83054	0.44542	0.49446	0.39325	0.39326	0.32843	0.68664	0.65103

lv_A1
0.83054	0.44542	0.49446	0.39325	0.39326	0.32843	0.68664	0.65103

lv_A1
0.83054	0.44542	0.49446	0.39325	0.39326	0.32843	0.68664	0.65103

lv_A1
0.83054	0.44542	0.49446	0.39325	0.39326	0.32843	0.68664	0.65103

lv_A1
0.83054	0.44542	0.49446	0.39325	0.39326	0.32843	0.68664	0.65103

lv_A1
0.82947	0.44458	0.49192	0.39002	0.39003	0.32619	0.68528	0.64956

lv_A1
0.82947	0.44458	0.49192	0.39002	0.39003	0.32619	0.68528	0.64956

lv_A1
0.82947	0.44458	0.49192	0.39002	0.39003	0.32619	0.68528	0.64956

lv_A1
0.82947	0.44458	0.49192	0.39002	0.39003	0.32619	0.68528	0.64956

lv_A1
0.82947	0.44458	0.49192	0.39002	0.39003	0.32619	0.68528	0.64956

lv_A1
0.82947	0.44458	0.49192	0.39002	0.39003	0.32619	0.68528	0.64956

lv_A1
0.82986	0.44578	0.49503	0.39321	0.39323	0.32893	0.68736	0.65325

lv_A1
0.82986	0.44578	0.49503	0.39321	0.39323	0.32893	0.68736	0.65325

lv_A1
0.82986	0.44578	0.49503	0.39321	0.39323	0.32893	0.68736	0.65325

lv_A1
0.82986	0.44578	0.49503	0.39321	0.39323	0.32893	0.68736	0.65325

lv_A1
0.82986	0.44578	0.49503	0.39321	0.39323	0.32893	0.68736	0.65325

lv_A1
0.82986	0.44578	0.49503	0.39321	0.39323	0.32893	0.68736	0.65325

lv_A1
0.82975	0.45368	0.50091	0.39860	0.39861	0.33415	0.69174	0.66617

lv_A1
0.83157	0.44748	0.48060	0.38140	0.38142	0.31631	0.67647	0.64254

lv_A1
0.83062	0.44409	0.47804	0.37826	0.37827	0.31409	0.67511	0.64254

lv_A1
0.83015	0.44843	0.50888	0.40636	0.40636	0.34127	0.69756	0.67208

lv_A1
0.82228	0.44637	0.48026	0.37336	0.37338	0.31602	0.67994	0.65030

lv_A1
0.82948	0.44211	0.48805	0.38645	0.38646	0.32279	0.68251	0.65214

lv_A1
0.82948	0.44211	0.48805	0.38645	0.38646	0.32279	0.68251	0.65214

lv_A1
0.82948	0.44211	0.48805	0.38645	0.38646	0.32279	0.68251	0.65214

lv_A1
0.82948	0.44211	0.48805	0.38645	0.38646	0.32279	0.68251	0.65214

lv_A1
0.82948	0.44211	0.48805	0.38645	0.38646	0.32279	0.68251	0.65214

lv_A1
0.82948	0.44211	0.48805	0.38645	0.38646	0.32279	0.68251	0.65214

lv_A1
0.83137	0.45361	0.49921	0.39833	0.39834	0.33263	0.68970	0.65842

lv_A1
0.83137	0.45361	0.49921	0.39833	0.39834	0.33263	0.68970	0.65842

lv_A1
0.83137	0.45361	0.49921	0.39833	0.39834	0.33263	0.68970	0.65842

lv_A1
0.83137	0.45361	0.49921	0.39833	0.39834	0.33263	0.68970	0.65842

lv_A1
0.83137	0.45361	0.49921	0.39833	0.39834	0.33263	0.68970	0.65842

lv_A1
0.83137	0.45361	0.49921	0.39833	0.39834	0.33263	0.68970	0.65842

lv_A1
0.83320	0.45997	0.50704	0.40707	0.40709	0.33962	0.69460	0.66544

lv_A1
0.83320	0.45997	0.50704	0.40707	0.40709	0.33962	0.69460	0.66544

lv_A1
0.83320	0.45997	0.50704	0.40707	0.40709	0.33962	0.69460	0.66544

lv_A1
0.83320	0.45997	0.50704	0.40707	0.40709	0.33962	0.69460	0.66544

lv_A1
0.83320	0.45997	0.50704	0.40707	0.40709	0.33962	0.69460	0.66544

lv_A1
0.83320	0.45997	0.50704	0.40707	0.40709	0.33962	0.69460	0.66544

lv_A1
0.82973	0.45688	0.50037	0.39807	0.39808	0.33366	0.69134	0.66359

lv_A1
0.82973	0.45688	0.50037	0.39807	0.39808	0.33366	0.69134	0.66359

lv_A1
0.82973	0.45688	0.50037	0.39807	0.39808	0.33366	0.69134	0.66359

lv_A1
0.82973	0.45688	0.50037	0.39807	0.39808	0.33366	0.69134	0.66359

lv_A1
0.82973	0.45688	0.50037	0.39807	0.39808	0.33366	0.69134	0.66359

lv_A1
0.82973	0.45688	0.50037	0.39807	0.39808	0.33366	0.69134	0.66359

lv_A1
0.83205	0.46015	0.51598	0.41451	0.41452	0.34769	0.70204	0.67614

lv_A1
0.83205	0.46015	0.51598	0.41451	0.41452	0.34769	0.70204	0.67614

lv_A1
0.83205	0.46015	0.51598	0.41451	0.41452	0.34769	0.70204	0.67614

lv_A1
0.83205	0.46015	0.51598	0.41451	0.41452	0.34769	0.70204	0.67614

lv_A1
0.83205	0.46015	0.51598	0.41451	0.41452	0.34769	0.70204	0.67614

lv_A1
0.83205	0.46015	0.51598	0.41451	0.41452	0.34769	0.70204	0.67614

lv_A1
0.82790	0.45511	0.50659	0.40246	0.40247	0.33922	0.69696	0.67282

lv_A1
0.82790	0.45511	0.50659	0.40246	0.40247	0.33922	0.69696	0.67282

lv_A1
0.82790	0.45511	0.50659	0.40246	0.40247	0.33922	0.69696	0.67282

lv_A1
0.82790	0.45511	0.50659	0.40246	0.40247	0.33922	0.69696	0.67282

lv_A1
0.82790	0.45511	0.50659	0.40246	0.40247	0.33922	0.69696	0.67282

lv_A1
0.82790	0.45511	0.50659	0.40246	0.40247	0.33922	0.69696	0.67282

lv_A1
0.83151	0.46143	0.51570	0.41383	0.41383	0.34744	0.70213	0.67836

lv_A1
0.83151	0.46143	0.51570	0.41383	0.41383	0.34744	0.70213	0.67836

lv_A1
0.83151	0.46143	0.51570	0.41383	0.41383	0.34744	0.70213	0.67836

lv_A1
0.83151	0.46143	0.51570	0.41383	0.41383	0.34744	0.70213	0.67836

lv_A1
0.83151	0.46143	0.51570	0.41383	0.41383	0.34744	0.70213	0.67836

lv_A1
0.83151	0.46143	0.51570	0.41383	0.41383	0.34744	0.70213	0.67836

lv_A1
0.82920	0.46316	0.51236	0.40889	0.40890	0.34441	0.70076	0.67725

lv_A1
0.82920	0.46316	0.51236	0.40889	0.40890	0.34441	0.70076	0.67725

lv_A1
0.82920	0.46316	0.51236	0.40889	0.40890	0.34441	0.70076	0.67725

lv_A1
0.82920	0.46316	0.51236	0.40889	0.40890	0.34441	0.70076	0.67725

lv_A1
0.82920	0.46316	0.51236	0.40889	0.40890	0.34441	0.70076	0.67725

lv_A1
0.82920	0.46316	0.51236	0.40889	0.40890	0.34441	0.70076	0.67725

lv_A1
0.82878	0.46084	0.51060	0.40690	0.40691	0.34282	0.69961	0.67651

lv_A1
0.82878	0.46084	0.51060	0.40690	0.40691	0.34282	0.69961	0.67651

lv_A1
0.82878	0.46084	0.51060	0.40690	0.40691	0.34282	0.69961	0.67651

lv_A1
0.82878	0.46084	0.51060	0.40690	0.40691	0.34282	0.69961	0.67651

lv_A1
0.82878	0.46084	0.51060	0.40690	0.40691	0.34282	0.69961	0.67651

lv_A1
0.82878	0.46084	0.51060	0.40690	0.40691	0.34282	0.69961	0.67651

lv_A1
0.83320	0.45997	0.50704	0.40707	0.40709	0.33962	0.69460	0.66544

lv_A1
0.83320	0.45997	0.50704	0.40707	0.40709	0.33962	0.69460	0.66544

lv_A1
0.83320	0.45997	0.50704	0.40707	0.40709	0.33962	0.69460	0.66544

lv_A1
0.83320	0.45997	0.50704	0.40707	0.40709	0.33962	0.69460	0.66544

lv_A1
0.83320	0.45997	0.50704	0.40707	0.40709	0.33962	0.69460	0.66544

lv_A1
0.83320	0.45997	0.50704	0.40707	0.40709	0.33962	0.69460	0.66544

lv_A1
0.83320	0.45997	0.50704	0.40707	0.40709	0.33962	0.69460	0.66544

lv_A1
0.82973	0.45688	0.50037	0.39807	0.39808	0.33366	0.69134	0.66359

lv_A1
0.82973	0.45688	0.50037	0.39807	0.39808	0.33366	0.69134	0.66359

lv_A1
0.82973	0.45688	0.50037	0.39807	0.39808	0.33366	0.69134	0.66359

lv_A1
0.82973	0.45688	0.50037	0.39807	0.39808	0.33366	0.69134	0.66359

lv_A1
0.82973	0.45688	0.50037	0.39807	0.39808	0.33366	0.69134	0.66359

lv_A1
0.82973	0.45688	0.50037	0.39807	0.39808	0.33366	0.69134	0.66359

lv_A1
0.82948	0.44211	0.48805	0.38645	0.38646	0.32279	0.68251	0.65214

lv_A1
0.82948	0.44211	0.48805	0.38645	0.38646	0.32279	0.68251	0.65214

lv_A1
0.82948	0.44211	0.48805	0.38645	0.38646	0.32279	0.68251	0.65214

lv_A1
0.82948	0.44211	0.48805	0.38645	0.38646	0.32279	0.68251	0.65214

lv_A1
0.82948	0.44211	0.48805	0.38645	0.38646	0.32279	0.68251	0.65214

lv_A1
0.82948	0.44211	0.48805	0.38645	0.38646	0.32279	0.68251	0.65214

lv_A1
0.83137	0.45361	0.49921	0.39833	0.39834	0.33263	0.68970	0.65842

lv_A1
0.83137	0.45361	0.49921	0.39833	0.39834	0.33263	0.68970	0.65842

lv_A1
0.83137	0.45361	0.49921	0.39833	0.39834	0.33263	0.68970	0.65842

lv_A1
0.83137	0.45361	0.49921	0.39833	0.39834	0.33263	0.68970	0.65842

lv_A1
0.83137	0.45361	0.49921	0.39833	0.39834	0.33263	0.68970	0.65842

lv_A1
0.83137	0.45361	0.49921	0.39833	0.39834	0.33263	0.68970	0.65842

lv_A1
0.83320	0.45997	0.50704	0.40707	0.40709	0.33962	0.69460	0.66544

lv_A1
0.83320	0.45997	0.50704	0.40707	0.40709	0.33962	0.69460	0.66544

lv_A1
0.83320	0.45997	0.50704	0.40707	0.40709	0.33962	0.69460	0.66544

lv_A1
0.83320	0.45997	0.50704	0.40707	0.40709	0.33962	0.69460	0.66544

lv_A1
0.83320	0.45997	0.50704	0.40707	0.40709	0.33962	0.69460	0.66544

lv_A1
0.83320	0.45997	0.50704	0.40707	0.40709	0.33962	0.69460	0.66544

lv_A1
0.82973	0.45688	0.50037	0.39807	0.39808	0.33366	0.69134	0.66359

lv_A1
0.82973	0.45688	0.50037	0.39807	0.39808	0.33366	0.69134	0.66359

lv_A1
0.82973	0.45688	0.50037	0.39807	0.39808	0.33366	0.69134	0.66359

lv_A1
0.82973	0.45688	0.50037	0.39807	0.39808	0.33366	0.69134	0.66359

lv_A1
0.82973	0.45688	0.50037	0.39807	0.39808	0.33366	0.69134	0.66359

lv_A1
0.82973	0.45688	0.50037	0.39807	0.39808	0.33366	0.69134	0.66359

lv_A1
0.83205	0.46015	0.51598	0.41451	0.41452	0.34769	0.70204	0.67614

lv_A1
0.83205	0.46015	0.51598	0.41451	0.41452	0.34769	0.70204	0.67614

lv_A1
0.83205	0.46015	0.51598	0.41451	0.41452	0.34769	0.70204	0.67614

lv_A1
0.83205	0.46015	0.51598	0.41451	0.41452	0.34769	0.70204	0.67614

lv_A1
0.83205	0.46015	0.51598	0.41451	0.41452	0.34769	0.70204	0.67614

lv_A1
0.83205	0.46015	0.51598	0.41451	0.41452	0.34769	0.70204	0.67614

lv_A1
0.82790	0.45511	0.50659	0.40246	0.40247	0.33922	0.69696	0.67282

lv_A1
0.82790	0.45511	0.50659	0.40246	0.40247	0.33922	0.69696	0.67282

lv_A1
0.82790	0.45511	0.50659	0.40246	0.40247	0.33922	0.69696	0.67282

lv_A1
0.82790	0.45511	0.50659	0.40246	0.40247	0.33922	0.69696	0.67282

lv_A1
0.82790	0.45511	0.50659	0.40246	0.40247	0.33922	0.69696	0.67282

lv_A1
0.82790	0.45511	0.50659	0.40246	0.40247	0.33922	0.69696	0.67282

lv_A1
0.83151	0.46143	0.51570	0.41383	0.41383	0.34744	0.70213	0.67836

lv_A1
0.83151	0.46143	0.51570	0.41383	0.41383	0.34744	0.70213	0.67836

lv_A1
0.83151	0.46143	0.51570	0.41383	0.41383	0.34744	0.70213	0.67836

lv_A1
0.83151	0.46143	0.51570	0.41383	0.41383	0.34744	0.70213	0.67836

lv_A1
0.83151	0.46143	0.51570	0.41383	0.41383	0.34744	0.70213	0.67836

lv_A1
0.83151	0.46143	0.51570	0.41383	0.41383	0.34744	0.70213	0.67836

lv_A1
0.82920	0.46316	0.51236	0.40889	0.40890	0.34441	0.70076	0.67725

lv_A1
0.82920	0.46316	0.51236	0.40889	0.40890	0.34441	0.70076	0.67725

lv_A1
0.82920	0.46316	0.51236	0.40889	0.40890	0.34441	0.70076	0.67725

lv_A1
0.82920	0.46316	0.51236	0.40889	0.40890	0.34441	0.70076	0.67725

lv_A1
0.82920	0.46316	0.51236	0.40889	0.40890	0.34441	0.70076	0.67725

lv_A1
0.82920	0.46316	0.51236	0.40889	0.40890	0.34441	0.70076	0.67725

lv_A1
0.82878	0.46084	0.51060	0.40690	0.40691	0.34282	0.69961	0.67651

lv_A1
0.82878	0.46084	0.51060	0.40690	0.40691	0.34282	0.69961	0.67651

lv_A1
0.82878	0.46084	0.51060	0.40690	0.40691	0.34282	0.69961	0.67651

lv_A1
0.82878	0.46084	0.51060	0.40690	0.40691	0.34282	0.69961	0.67651

lv_A1
0.82878	0.46084	0.51060	0.40690	0.40691	0.34282	0.69961	0.67651

lv_A1
0.82878	0.46084	0.51060	0.40690	0.40691	0.34282	0.69961	0.67651

lv_A1
0.82554	0.42326	0.47862	0.37450	0.37450	0.31460	0.67749	0.64328

lv_A1
0.82554	0.42326	0.47862	0.37450	0.37450	0.31460	0.67749	0.64328

lv_A1
0.82554	0.42326	0.47862	0.37450	0.37450	0.31460	0.67749	0.64328

lv_A1
0.82554	0.42326	0.47862	0.37450	0.37450	0.31460	0.67749	0.64328

lv_A1
0.82554	0.42326	0.47862	0.37450	0.37450	0.31460	0.67749	0.64328

lv_A1
0.82554	0.42326	0.47862	0.37450	0.37450	0.31460	0.67749	0.64328

lv_A1
0.83320	0.45997	0.50704	0.40707	0.40709	0.33962	0.69460	0.66544

lv_A1
0.83320	0.45997	0.50704	0.40707	0.40709	0.33962	0.69460	0.66544

lv_A1
0.83320	0.45997	0.50704	0.40707	0.40709	0.33962	0.69460	0.66544

lv_A1
0.83320	0.45997	0.50704	0.40707	0.40709	0.33962	0.69460	0.66544

lv_A1
0.83320	0.45997	0.50704	0.40707	0.40709	0.33962	0.69460	0.66544

lv_A1
0.83320	0.45997	0.50704	0.40707	0.40709	0.33962	0.69460	0.66544

lv_A1
0.83302	0.46307	0.51606	0.41534	0.41535	0.34776	0.70157	0.67504

lv_A1
0.83302	0.46307	0.51606	0.41534	0.41535	0.34776	0.70157	0.67504

lv_A1
0.83302	0.46307	0.51606	0.41534	0.41535	0.34776	0.70157	0.67504

lv_A1
0.83302	0.46307	0.51606	0.41534	0.41535	0.34776	0.70157	0.67504

lv_A1
0.83302	0.46307	0.51606	0.41534	0.41535	0.34776	0.70157	0.67504

lv_A1
0.83302	0.46307	0.51606	0.41534	0.41535	0.34776	0.70157	0.67504

lv_A1
0.83515	0.46511	0.52442	0.42484	0.42486	0.35540	0.70691	0.68205

lv_A1
0.83515	0.46511	0.52442	0.42484	0.42486	0.35540	0.70691	0.68205

lv_A1
0.83515	0.46511	0.52442	0.42484	0.42486	0.35540	0.70691	0.68205

lv_A1
0.83515	0.46511	0.52442	0.42484	0.42486	0.35540	0.70691	0.68205

lv_A1
0.83515	0.46511	0.52442	0.42484	0.42486	0.35540	0.70691	0.68205

lv_A1
0.83515	0.46511	0.52442	0.42484	0.42486	0.35540	0.70691	0.68205

lv_A1
0.83527	0.45762	0.51999	0.42080	0.42081	0.35135	0.70337	0.67762

lv_A1
0.83527	0.45762	0.51999	0.42080	0.42081	0.35135	0.70337	0.67762

lv_A1
0.83527	0.45762	0.51999	0.42080	0.42081	0.35135	0.70337	0.67762

lv_A1
0.83527	0.45762	0.51999	0.42080	0.42081	0.35135	0.70337	0.67762

lv_A1
0.83527	0.45762	0.51999	0.42080	0.42081	0.35135	0.70337	0.67762

lv_A1
0.83527	0.45762	0.51999	0.42080	0.42081	0.35135	0.70337	0.67762

lv_A1
0.83124	0.45630	0.51222	0.41033	0.41035	0.34428	0.69956	0.66950

lv_A1
0.83124	0.45630	0.51222	0.41033	0.41035	0.34428	0.69956	0.66950

lv_A1
0.83124	0.45630	0.51222	0.41033	0.41035	0.34428	0.69956	0.66950

lv_A1
0.83124	0.45630	0.51222	0.41033	0.41035	0.34428	0.69956	0.66950

lv_A1
0.83124	0.45630	0.51222	0.41033	0.41035	0.34428	0.69956	0.66950

lv_A1
0.83124	0.45630	0.51222	0.41033	0.41035	0.34428	0.69956	0.66950

lv_A1
0.83320	0.45997	0.50704	0.40707	0.40709	0.33962	0.69460	0.66544

lv_A1
0.83320	0.45997	0.50704	0.40707	0.40709	0.33962	0.69460	0.66544

lv_A1
0.83320	0.45997	0.50704	0.40707	0.40709	0.33962	0.69460	0.66544

lv_A1
0.83320	0.45997	0.50704	0.40707	0.40709	0.33962	0.69460	0.66544

lv_A1
0.83320	0.45997	0.50704	0.40707	0.40709	0.33962	0.69460	0.66544

lv_A1
0.83320	0.45997	0.50704	0.40707	0.40709	0.33962	0.69460	0.66544

lv_A1
0.83320	0.45997	0.50704	0.40707	0.40709	0.33962	0.69460	0.66544

lv_A1
0.83320	0.45997	0.50704	0.40707	0.40709	0.33962	0.69460	0.66544

lv_A1
0.83320	0.45997	0.50704	0.40707	0.40709	0.33962	0.69460	0.66544

lv_A1
0.83320	0.45997	0.50704	0.40707	0.40709	0.33962	0.69460	0.66544

lv_A1
0.83320	0.45997	0.50704	0.40707	0.40709	0.33962	0.69460	0.66544

lv_A1
0.83320	0.45997	0.50704	0.40707	0.40709	0.33962	0.69460	0.66544

lv_A1
0.83320	0.45997	0.50704	0.40707	0.40709	0.33962	0.69460	0.66544

lv_A1
0.83320	0.45997	0.50704	0.40707	0.40709	0.33962	0.69460	0.66544

lv_A1
0.83320	0.45997	0.50704	0.40707	0.40709	0.33962	0.69460	0.66544

lv_A1
0.83320	0.45997	0.50704	0.40707	0.40709	0.33962	0.69460	0.66544

lv_A1
0.83320	0.45997	0.50704	0.40707	0.40709	0.33962	0.69460	0.66544

lv_A1
0.83320	0.45997	0.50704	0.40707	0.40709	0.33962	0.69460	0.66544

lv_A1
0.83320	0.45997	0.50704	0.40707	0.40709	0.33962	0.69460	0.66544

lv_A1
0.84162	0.45891	0.51412	0.42064	0.42064	0.34601	0.69539	0.66027

lv_A1
0.84162	0.45891	0.51412	0.42064	0.42064	0.34601	0.69539	0.66027

lv_A1
0.84162	0.45891	0.51412	0.42064	0.42064	0.34601	0.69539	0.66027

lv_A1
0.84162	0.45891	0.51412	0.42064	0.42064	0.34601	0.69539	0.66027

lv_A1
0.84162	0.45891	0.51412	0.42064	0.42064	0.34601	0.69539	0.66027

lv_A1
0.84162	0.45891	0.51412	0.42064	0.42064	0.34601	0.69539	0.66027

lv_A1
0.82594	0.44044	0.48367	0.37949	0.37950	0.31898	0.68089	0.64993

lv_A1
0.82594	0.44044	0.48367	0.37949	0.37950	0.31898	0.68089	0.64993

lv_A1
0.82594	0.44044	0.48367	0.37949	0.37950	0.31898	0.68089	0.64993

lv_A1
0.82594	0.44044	0.48367	0.37949	0.37950	0.31898	0.68089	0.64993

lv_A1
0.82594	0.44044	0.48367	0.37949	0.37950	0.31898	0.68089	0.64993

lv_A1
0.82594	0.44044	0.48367	0.37949	0.37950	0.31898	0.68089	0.64993

lv_A1
0.82977	0.45989	0.50314	0.40070	0.40070	0.33613	0.69340	0.66322

lv_A1
0.82977	0.45989	0.50314	0.40070	0.40070	0.33613	0.69340	0.66322

lv_A1
0.82977	0.45989	0.50314	0.40070	0.40070	0.33613	0.69340	0.66322

lv_A1
0.82977	0.45989	0.50314	0.40070	0.40070	0.33613	0.69340	0.66322

lv_A1
0.82977	0.45989	0.50314	0.40070	0.40070	0.33613	0.69340	0.66322

lv_A1
0.82977	0.45989	0.50314	0.40070	0.40070	0.33613	0.69340	0.66322

lv_A1
0.84162	0.45891	0.51412	0.42064	0.42064	0.34601	0.69539	0.66027

lv_A1
0.84162	0.45891	0.51412	0.42064	0.42064	0.34601	0.69539	0.66027

lv_A1
0.84162	0.45891	0.51412	0.42064	0.42064	0.34601	0.69539	0.66027

lv_A1
0.84162	0.45891	0.51412	0.42064	0.42064	0.34601	0.69539	0.66027

lv_A1
0.84162	0.45891	0.51412	0.42064	0.42064	0.34601	0.69539	0.66027

lv_A1
0.84162	0.45891	0.51412	0.42064	0.42064	0.34601	0.69539	0.66027

lv_A1
0.82872	0.45910	0.50871	0.40509	0.40509	0.34112	0.69817	0.67171

lv_A1
0.82872	0.45910	0.50871	0.40509	0.40509	0.34112	0.69817	0.67171

lv_A1
0.82872	0.45910	0.50871	0.40509	0.40509	0.34112	0.69817	0.67171

lv_A1
0.82872	0.45910	0.50871	0.40509	0.40509	0.34112	0.69817	0.67171

lv_A1
0.82872	0.45910	0.50871	0.40509	0.40509	0.34112	0.69817	0.67171

lv_A1
0.82872	0.45910	0.50871	0.40509	0.40509	0.34112	0.69817	0.67171

lv_A1
0.82763	0.44797	0.50556	0.40128	0.40129	0.33830	0.69631	0.67061

lv_A1
0.82763	0.44797	0.50556	0.40128	0.40129	0.33830	0.69631	0.67061

lv_A1
0.82763	0.44797	0.50556	0.40128	0.40129	0.33830	0.69631	0.67061

lv_A1
0.82763	0.44797	0.50556	0.40128	0.40129	0.33830	0.69631	0.67061

lv_A1
0.82763	0.44797	0.50556	0.40128	0.40129	0.33830	0.69631	0.67061

lv_A1
0.82763	0.44797	0.50556	0.40128	0.40129	0.33830	0.69631	0.67061

lv_A1
0.82822	0.46110	0.51118	0.40702	0.40704	0.34335	0.70036	0.67688

lv_A1
0.82822	0.46110	0.51118	0.40702	0.40704	0.34335	0.70036	0.67688

lv_A1
0.82822	0.46110	0.51118	0.40702	0.40704	0.34335	0.70036	0.67688

lv_A1
0.82822	0.46110	0.51118	0.40702	0.40704	0.34335	0.70036	0.67688

lv_A1
0.82822	0.46110	0.51118	0.40702	0.40704	0.34335	0.70036	0.67688

lv_A1
0.82822	0.46110	0.51118	0.40702	0.40704	0.34335	0.70036	0.67688

lv_A1
0.83258	0.45361	0.51953	0.41825	0.41826	0.35092	0.70454	0.68021

lv_A1
0.83258	0.45361	0.51953	0.41825	0.41826	0.35092	0.70454	0.68021

lv_A1
0.83258	0.45361	0.51953	0.41825	0.41826	0.35092	0.70454	0.68021

lv_A1
0.83258	0.45361	0.51953	0.41825	0.41826	0.35092	0.70454	0.68021

lv_A1
0.83258	0.45361	0.51953	0.41825	0.41826	0.35092	0.70454	0.68021

lv_A1
0.83258	0.45361	0.51953	0.41825	0.41826	0.35092	0.70454	0.68021

lv_A1
0.83130	0.45054	0.51732	0.41518	0.41519	0.34891	0.70351	0.67984

lv_A1
0.83130	0.45054	0.51732	0.41518	0.41519	0.34891	0.70351	0.67984

lv_A1
0.83130	0.45054	0.51732	0.41518	0.41519	0.34891	0.70351	0.67984

lv_A1
0.83130	0.45054	0.51732	0.41518	0.41519	0.34891	0.70351	0.67984

lv_A1
0.83130	0.45054	0.51732	0.41518	0.41519	0.34891	0.70351	0.67984

lv_A1
0.83130	0.45054	0.51732	0.41518	0.41519	0.34891	0.70351	0.67984

lv_A1
0.83296	0.45621	0.52218	0.42104	0.42105	0.35334	0.70642	0.68279

lv_A1
0.83296	0.45621	0.52218	0.42104	0.42105	0.35334	0.70642	0.68279

lv_A1
0.83296	0.45621	0.52218	0.42104	0.42105	0.35334	0.70642	0.68279

lv_A1
0.83296	0.45621	0.52218	0.42104	0.42105	0.35334	0.70642	0.68279

lv_A1
0.83296	0.45621	0.52218	0.42104	0.42105	0.35334	0.70642	0.68279

lv_A1
0.83296	0.45621	0.52218	0.42104	0.42105	0.35334	0.70642	0.68279

lv_A1
0.82594	0.44044	0.48367	0.37949	0.37950	0.31898	0.68089	0.64993

lv_A1
0.82977	0.45989	0.50314	0.40070	0.40070	0.33613	0.69340	0.66322

lv_A1
0.84162	0.45891	0.51412	0.42064	0.42064	0.34601	0.69539	0.66027

lv_A1
0.82872	0.45910	0.50871	0.40509	0.40509	0.34112	0.69817	0.67171

lv_A1
0.82763	0.44797	0.50556	0.40128	0.40129	0.33830	0.69631	0.67061

lv_A1
0.82822	0.46110	0.51118	0.40702	0.40704	0.34335	0.70036	0.67688

lv_A1
0.83258	0.45361	0.51953	0.41825	0.41826	0.35092	0.70454	0.68021

lv_A1
0.83130	0.45054	0.51732	0.41518	0.41519	0.34891	0.70351	0.67984

lv_A1
0.83296	0.45621	0.52218	0.42104	0.42105	0.35334	0.70642	0.68279

lv_A1
0.83516	0.43170	0.48146	0.38535	0.38536	0.31705	0.67561	0.63516

lv_A1
0.83516	0.43170	0.48146	0.38535	0.38536	0.31705	0.67561	0.63516

lv_A1
0.83516	0.43170	0.48146	0.38535	0.38536	0.31705	0.67561	0.63516

lv_A1
0.83516	0.43170	0.48146	0.38535	0.38536	0.31705	0.67561	0.63516

lv_A1
0.83516	0.43170	0.48146	0.38535	0.38536	0.31705	0.67561	0.63516

lv_A1
0.83516	0.43170	0.48146	0.38535	0.38536	0.31705	0.67561	0.63516

lv_A1
0.83516	0.43170	0.48146	0.38535	0.38536	0.31705	0.67561	0.63516

lv_A1
0.84162	0.45891	0.51412	0.42064	0.42064	0.34601	0.69539	0.66027

lv_A1
0.83368	0.46865	0.52611	0.42530	0.42531	0.35696	0.70915	0.68427

lv_A1
0.83429	0.46773	0.52842	0.42795	0.42795	0.35908	0.71065	0.68538

lv_A1
0.83135	0.45952	0.51945	0.41723	0.41724	0.35085	0.70518	0.67947

lv_A1
0.82945	0.44811	0.51188	0.40864	0.40865	0.34398	0.70026	0.67504

lv_A1
0.83516	0.43170	0.48146	0.38535	0.38536	0.31705	0.67561	0.63516

lv_A1
0.83516	0.43170	0.48146	0.38535	0.38536	0.31705	0.67561	0.63516

lv_A1
0.83516	0.43170	0.48146	0.38535	0.38536	0.31705	0.67561	0.63516

lv_A1
0.83516	0.43170	0.48146	0.38535	0.38536	0.31705	0.67561	0.63516

lv_A1
0.83516	0.43170	0.48146	0.38535	0.38536	0.31705	0.67561	0.63516

lv_A1
0.83516	0.43170	0.48146	0.38535	0.38536	0.31705	0.67561	0.63516

lv_A1
0.84162	0.45891	0.51412	0.42064	0.42064	0.34601	0.69539	0.66027

lv_A1
0.84162	0.45891	0.51412	0.42064	0.42064	0.34601	0.69539	0.66027

lv_A1
0.84162	0.45891	0.51412	0.42064	0.42064	0.34601	0.69539	0.66027

lv_A1
0.84162	0.45891	0.51412	0.42064	0.42064	0.34601	0.69539	0.66027

lv_A1
0.84162	0.45891	0.51412	0.42064	0.42064	0.34601	0.69539	0.66027

lv_A1
0.84162	0.45891	0.51412	0.42064	0.42064	0.34601	0.69539	0.66027

lv_A1
0.83368	0.46865	0.52611	0.42530	0.42531	0.35696	0.70915	0.68427

lv_A1
0.83368	0.46865	0.52611	0.42530	0.42531	0.35696	0.70915	0.68427

lv_A1
0.83368	0.46865	0.52611	0.42530	0.42531	0.35696	0.70915	0.68427

lv_A1
0.83368	0.46865	0.52611	0.42530	0.42531	0.35696	0.70915	0.68427

lv_A1
0.83368	0.46865	0.52611	0.42530	0.42531	0.35696	0.70915	0.68427

lv_A1
0.83368	0.46865	0.52611	0.42530	0.42531	0.35696	0.70915	0.68427

lv_A1
0.83429	0.46773	0.52842	0.42795	0.42795	0.35908	0.71065	0.68538

lv_A1
0.83429	0.46773	0.52842	0.42795	0.42795	0.35908	0.71065	0.68538

lv_A1
0.83429	0.46773	0.52842	0.42795	0.42795	0.35908	0.71065	0.68538

lv_A1
0.83429	0.46773	0.52842	0.42795	0.42795	0.35908	0.71065	0.68538

lv_A1
0.83429	0.46773	0.52842	0.42795	0.42795	0.35908	0.71065	0.68538

lv_A1
0.83429	0.46773	0.52842	0.42795	0.42795	0.35908	0.71065	0.68538

lv_A1
0.83135	0.45952	0.51945	0.41723	0.41724	0.35085	0.70518	0.67947

lv_A1
0.83135	0.45952	0.51945	0.41723	0.41724	0.35085	0.70518	0.67947

lv_A1
0.83135	0.45952	0.51945	0.41723	0.41724	0.35085	0.70518	0.67947

lv_A1
0.83135	0.45952	0.51945	0.41723	0.41724	0.35085	0.70518	0.67947

lv_A1
0.83135	0.45952	0.51945	0.41723	0.41724	0.35085	0.70518	0.67947

lv_A1
0.83135	0.45952	0.51945	0.41723	0.41724	0.35085	0.70518	0.67947

lv_A1
0.82945	0.44811	0.51188	0.40864	0.40865	0.34398	0.70026	0.67504

lv_A1
0.82945	0.44811	0.51188	0.40864	0.40865	0.34398	0.70026	0.67504

lv_A1
0.82945	0.44811	0.51188	0.40864	0.40865	0.34398	0.70026	0.67504

lv_A1
0.82945	0.44811	0.51188	0.40864	0.40865	0.34398	0.70026	0.67504

lv_A1
0.82945	0.44811	0.51188	0.40864	0.40865	0.34398	0.70026	0.67504

lv_A1
0.82945	0.44811	0.51188	0.40864	0.40865	0.34398	0.70026	0.67504

lv_A1
0.83312	0.45287	0.52152	0.42054	0.42055	0.35274	0.70580	0.68205

lv_A1
0.83312	0.45287	0.52152	0.42054	0.42055	0.35274	0.70580	0.68205

lv_A1
0.83312	0.45287	0.52152	0.42054	0.42055	0.35274	0.70580	0.68205

lv_A1
0.83312	0.45287	0.52152	0.42054	0.42055	0.35274	0.70580	0.68205

lv_A1
0.83312	0.45287	0.52152	0.42054	0.42055	0.35274	0.70580	0.68205

lv_A1
0.82893	0.40868	0.45762	0.35830	0.35831	0.29669	0.66231	0.62112

lv_A1
0.82893	0.40868	0.45762	0.35830	0.35831	0.29669	0.66231	0.62112

lv_A1
0.82893	0.40868	0.45762	0.35830	0.35831	0.29669	0.66231	0.62112

lv_A1
0.82893	0.40868	0.45762	0.35830	0.35831	0.29669	0.66231	0.62112

lv_A1
0.82763	0.41600	0.45721	0.35676	0.35678	0.29636	0.66246	0.61965

lv_A1
0.82763	0.41600	0.45721	0.35676	0.35678	0.29636	0.66246	0.61965

lv_A1
0.82763	0.41600	0.45721	0.35676	0.35678	0.29636	0.66246	0.61965

lv_A1
0.82763	0.41600	0.45721	0.35676	0.35678	0.29636	0.66246	0.61965

lv_A1
0.83146	0.38530	0.39913	0.30982	0.30984	0.24932	0.62856	0.53434

lv_A1
0.83146	0.38530	0.39913	0.30982	0.30984	0.24932	0.62856	0.53434

lv_A1
0.83146	0.38530	0.39913	0.30982	0.30984	0.24932	0.62856	0.53434

lv_A1
0.83146	0.38530	0.39913	0.30982	0.30984	0.24932	0.62856	0.53434

lv_A1
0.83320	0.45997	0.50704	0.40707	0.40709	0.33962	0.69460	0.66544

lv_A1
0.82948	0.44211	0.48805	0.38645	0.38646	0.32279	0.68251	0.65214

lv_A1
0.82948	0.44211	0.48805	0.38645	0.38646	0.32279	0.68251	0.65214

lv_A1
0.82948	0.44211	0.48805	0.38645	0.38646	0.32279	0.68251	0.65214

lv_A1
0.82948	0.44211	0.48805	0.38645	0.38646	0.32279	0.68251	0.65214

lv_A1
0.82948	0.44211	0.48805	0.38645	0.38646	0.32279	0.68251	0.65214

lv_A1
0.82948	0.44211	0.48805	0.38645	0.38646	0.32279	0.68251	0.65214

lv_A1
0.82948	0.44211	0.48805	0.38645	0.38646	0.32279	0.68251	0.65214

lv_A1
0.82948	0.44211	0.48805	0.38645	0.38646	0.32279	0.68251	0.65214

lv_A1
0.82948	0.44211	0.48805	0.38645	0.38646	0.32279	0.68251	0.65214

lv_A1
0.82948	0.44211	0.48805	0.38645	0.38646	0.32279	0.68251	0.65214

lv_A1
0.82948	0.44211	0.48805	0.38645	0.38646	0.32279	0.68251	0.65214

lv_A1
0.83137	0.45361	0.49921	0.39833	0.39834	0.33263	0.68970	0.65842

lv_A1
0.83137	0.45361	0.49921	0.39833	0.39834	0.33263	0.68970	0.65842

lv_A1
0.83137	0.45361	0.49921	0.39833	0.39834	0.33263	0.68970	0.65842

lv_A1
0.83137	0.45361	0.49921	0.39833	0.39834	0.33263	0.68970	0.65842

lv_A1
0.83137	0.45361	0.49921	0.39833	0.39834	0.33263	0.68970	0.65842

lv_A1
0.83137	0.45361	0.49921	0.39833	0.39834	0.33263	0.68970	0.65842

lv_A1
0.83137	0.45361	0.49921	0.39833	0.39834	0.33263	0.68970	0.65842

lv_A1
0.83137	0.45361	0.49921	0.39833	0.39834	0.33263	0.68970	0.65842

lv_A1
0.83137	0.45361	0.49921	0.39833	0.39834	0.33263	0.68970	0.65842

lv_A1
0.83137	0.45361	0.49921	0.39833	0.39834	0.33263	0.68970	0.65842

lv_A1
0.83137	0.45361	0.49921	0.39833	0.39834	0.33263	0.68970	0.65842

lv_A1
0.83320	0.45997	0.50704	0.40707	0.40709	0.33962	0.69460	0.66544

lv_A1
0.83320	0.45997	0.50704	0.40707	0.40709	0.33962	0.69460	0.66544

lv_A1
0.83320	0.45997	0.50704	0.40707	0.40709	0.33962	0.69460	0.66544

lv_A1
0.83320	0.45997	0.50704	0.40707	0.40709	0.33962	0.69460	0.66544

lv_A1
0.83320	0.45997	0.50704	0.40707	0.40709	0.33962	0.69460	0.66544

lv_A1
0.83320	0.45997	0.50704	0.40707	0.40709	0.33962	0.69460	0.66544

lv_A1
0.83320	0.45997	0.50704	0.40707	0.40709	0.33962	0.69460	0.66544

lv_A1
0.83320	0.45997	0.50704	0.40707	0.40709	0.33962	0.69460	0.66544

lv_A1
0.83320	0.45997	0.50704	0.40707	0.40709	0.33962	0.69460	0.66544

lv_A1
0.83320	0.45997	0.50704	0.40707	0.40709	0.33962	0.69460	0.66544

lv_A1
0.83320	0.45997	0.50704	0.40707	0.40709	0.33962	0.69460	0.66544

lv_A1
0.82973	0.45688	0.50037	0.39807	0.39808	0.33366	0.69134	0.66359

lv_A1
0.82973	0.45688	0.50037	0.39807	0.39808	0.33366	0.69134	0.66359

lv_A1
0.82973	0.45688	0.50037	0.39807	0.39808	0.33366	0.69134	0.66359

lv_A1
0.82973	0.45688	0.50037	0.39807	0.39808	0.33366	0.69134	0.66359

lv_A1
0.82973	0.45688	0.50037	0.39807	0.39808	0.33366	0.69134	0.66359

lv_A1
0.82973	0.45688	0.50037	0.39807	0.39808	0.33366	0.69134	0.66359

lv_A1
0.82973	0.45688	0.50037	0.39807	0.39808	0.33366	0.69134	0.66359

lv_A1
0.82973	0.45688	0.50037	0.39807	0.39808	0.33366	0.69134	0.66359

lv_A1
0.82973	0.45688	0.50037	0.39807	0.39808	0.33366	0.69134	0.66359

lv_A1
0.82973	0.45688	0.50037	0.39807	0.39808	0.33366	0.69134	0.66359

lv_A1
0.82973	0.45688	0.50037	0.39807	0.39808	0.33366	0.69134	0.66359

lv_A1
0.83205	0.46015	0.51598	0.41451	0.41452	0.34769	0.70204	0.67614

lv_A1
0.83205	0.46015	0.51598	0.41451	0.41452	0.34769	0.70204	0.67614

lv_A1
0.83205	0.46015	0.51598	0.41451	0.41452	0.34769	0.70204	0.67614

lv_A1
0.83205	0.46015	0.51598	0.41451	0.41452	0.34769	0.70204	0.67614

lv_A1
0.83205	0.46015	0.51598	0.41451	0.41452	0.34769	0.70204	0.67614

lv_A1
0.83205	0.46015	0.51598	0.41451	0.41452	0.34769	0.70204	0.67614

lv_A1
0.83205	0.46015	0.51598	0.41451	0.41452	0.34769	0.70204	0.67614

lv_A1
0.83205	0.46015	0.51598	0.41451	0.41452	0.34769	0.70204	0.67614

lv_A1
0.83205	0.46015	0.51598	0.41451	0.41452	0.34769	0.70204	0.67614

lv_A1
0.83205	0.46015	0.51598	0.41451	0.41452	0.34769	0.70204	0.67614

lv_A1
0.83205	0.46015	0.51598	0.41451	0.41452	0.34769	0.70204	0.67614

lv_A1
0.82790	0.45511	0.50659	0.40246	0.40247	0.33922	0.69696	0.67282

lv_A1
0.82790	0.45511	0.50659	0.40246	0.40247	0.33922	0.69696	0.67282

lv_A1
0.82790	0.45511	0.50659	0.40246	0.40247	0.33922	0.69696	0.67282

lv_A1
0.82790	0.45511	0.50659	0.40246	0.40247	0.33922	0.69696	0.67282

lv_A1
0.82790	0.45511	0.50659	0.40246	0.40247	0.33922	0.69696	0.67282

lv_A1
0.82790	0.45511	0.50659	0.40246	0.40247	0.33922	0.69696	0.67282

lv_A1
0.82790	0.45511	0.50659	0.40246	0.40247	0.33922	0.69696	0.67282

lv_A1
0.82790	0.45511	0.50659	0.40246	0.40247	0.33922	0.69696	0.67282

lv_A1
0.82790	0.45511	0.50659	0.40246	0.40247	0.33922	0.69696	0.67282

lv_A1
0.82790	0.45511	0.50659	0.40246	0.40247	0.33922	0.69696	0.67282

lv_A1
0.82790	0.45511	0.50659	0.40246	0.40247	0.33922	0.69696	0.67282

lv_A1
0.83382	0.40656	0.42998	0.33866	0.33867	0.27387	0.64460	0.56647

lv_A1
0.82410	0.38309	0.38909	0.29347	0.29348	0.24153	0.62416	0.52363

lv_A1
0.82483	0.33868	0.33919	0.25240	0.25242	0.20423	0.60050	0.47378

lv_A1
0.83320	0.45997	0.50704	0.40707	0.40709	0.33962	0.69460	0.66544

lv_A1
0.83320	0.45997	0.50704	0.40707	0.40709	0.33962	0.69460	0.66544

lv_A1
0.83320	0.45997	0.50704	0.40707	0.40709	0.33962	0.69460	0.66544

lv_A1
0.83320	0.45997	0.50704	0.40707	0.40709	0.33962	0.69460	0.66544

lv_A1
0.83320	0.45997	0.50704	0.40707	0.40709	0.33962	0.69460	0.66544

lv_A1
0.83320	0.45997	0.50704	0.40707	0.40709	0.33962	0.69460	0.66544

lv_A1
0.83320	0.45997	0.50704	0.40707	0.40709	0.33962	0.69460	0.66544

lv_A1
0.83320	0.45997	0.50704	0.40707	0.40709	0.33962	0.69460	0.66544

lv_A1
0.83320	0.45997	0.50704	0.40707	0.40709	0.33962	0.69460	0.66544

lv_A1
0.83320	0.45997	0.50704	0.40707	0.40709	0.33962	0.69460	0.66544

